0
-0.46078117351862601936
-0.44772997396648861468
-0.42753523931605741382
-0.46426664508180692792
-0.43230314573156647384
-0.44307913811644539237
-0.46363168666721321642
-0.42305879524792544544
-0.45427860654308460653
-0.45940457528922706842
-0.42505866123246960342
-0.46172748939716257155
-0.44699778218637220562
-0.4329420412250328809
-0.46382031685789115727
-0.4224936422542668879
-0.45823591965017840266
-0.45257463952293619514
-0.42595766097656451166
-0.46425682608969509602
-0.42996138450689613819
-0.44759344097110442817
-0.46210088583757169545
-0.42439274999196641147
-0.45907396200345829129
-0.45319770064088515937
-0.41412226067041046917
-0.46401682050782255828
-0.43085746839642524719
-0.45020783774089068174
-0.45928862207802012563
-0.42276677838526666164
-0.46400384834851138294
-0.42827389386366121471
-0.45480095405946485698
-0.45294050581287592649
-0.43440781792742200196
-0.46282289607916027308
-0.42499045960721559823
-0.46388234154437668622
-0.42610406142193824053
-0.45685387603589333594
-0.44998243320151232183
-0.43902088346658274531
-0.4615070129802916199
-0.42319592769490554929
-0.46415302416426129639
-0.42396219578222371638
-0.45151415638974867761
-0.45137786801205947995
