0
-0.39088434932637028396
-0.38546320379828102887
-0.39951753735658712685
-0.39003640800365246832
-0.41798584474599920213
-0.42540035411366261542
-0.39734635167405940592
-0.33842792140785604715
-0.38228764798259362578
-0.39262272731866687536
-0.40780989336781203747
-0.38340918303583748639
-0.40477699832990765572
-0.43102753811399452388
-0.42478658779873512685
-0.38092076743487268686
-0.37158851709682494402
-0.37849068813375197351
-0.38563206107937730849
-0.36029809428146108985
-0.39026211496093310416
-0.42986399118672125041
-0.42396700711105950177
-0.37123235641047358513
-0.3531852847954723984
-0.37903119457769207656
-0.41109187313122674823
-0.3885074805875774473
-0.4072944577201269567
-0.41273741470649838448
-0.38504852316691540182
-0.36153276657569222152
-0.41588626304292120039
-0.4313048371986951679
-0.39458858990110456944
-0.34148195985471829772
-0.38374364605988375843
-0.42150488638435490429
-0.3910390098171774298
-0.40136149839963763952
-0.40104071522364392877
-0.40107870672363787889
-0.35377617197809740901
-0.41264582748408429325
-0.43206913975882343948
-0.4029973760771099478
-0.34154510102234780788
-0.38157847241382114589
-0.41201499913586303592
-0.39515274844598025084
-0.39724077351274900138
-0.40139669901691377163
-0.39569779016892425716
-0.37513124194811098278
-0.42206226062262430787
-0.42455381108447909355
-0.34738629302592016757
-0.36169007158605381846
-0.43017160019371658564
-0.41304136317921802402
-0.33790355417295359075
-0.38403023139107972383
-0.42203102083294652402
-0.39047606621170416474
-0.40370002805138938129
-0.39933234354248270392
-0.35678829086828045547
-0.40927871380699798465
-0.43040376174030825496
-0.36903509401599876583
-0.35069958693929947913
-0.42806369398022070527
-0.41013752733124420047
-0.33921524020843207836
-0.38945963673177175224
-0.42081952947773970664
-0.38909940439043566585
-0.38224757165880873799
-0.37940242196782492101
-0.38631750774220563471
-0.40860315618920139968
-0.38831572176422923803
-0.36182878568070009351
-0.38749454630305990577
-0.42799941435805521905
-0.38740801886888220906
-0.34411428432213142514
-0.41563456456060521305
-0.42817053411272354424
-0.35154706847970373929
-0.35891589452512562275
-0.42879430690663866699
-0.41236153503996320069
-0.35174126402125693858
-0.38262038084212690592
-0.40598245710134506226
-0.39023964820080436766
-0.42465798376360908151
-0.41535273089539259672
-0.34836297464789822698
-0.40144908279762603343
-0.39004349420429207385
-0.38143647613469511271
-0.41354222674272023141
-0.43103643617359921336
-0.38453822964220307767
-0.39134518924402073026
-0.3881959476275369525
-0.34101447547436691821
-0.40988684372860006988
-0.42478071563527919352
-0.39137131592724472284
-0.42136396747082471848
-0.38319873716682195663
-0.37042735909926705062
-0.38233170859166420996
-0.39360155744361691177
-0.39322539968998171389
-0.43200752945267595351
-0.40388933781650848687
-0.39012199771241284907
-0.39154250681167468429
-0.39079444369417615235
-0.34644779804511927068
-0.4073316853609867394
-0.40364803010015748441
-0.39460058999247848988
-0.43022343554184772074
-0.40113657648907974362
-0.35096029646228998899
-0.41615478668245486915
-0.379591519566019997
-0.37927044474054127932
-0.42834348336327821016
-0.42193822079570963979
-0.38725780759705230594
-0.41455066102207638323
-0.38576730460044927895
-0.37444934376981109381
-0.37241545500000938773
-0.4013199435721617192
-0.37916004940052516758
-0.41747771186055615544
-0.42948581959353759885
-0.38970748410793021321
-0.41699159829295240343
-0.42916526104090735316
-0.39165674030664376915
-0.40640973596600815654
-0.43037285373429767787
-0.40707528596976771951
-0.39498555331374518573
-0.43101835681591182947
-0.41932776631438173354
-0.38775715764495544136
-0.41672687200480140746
-0.41370200790697708726
-0.36104283202439546585
-0.3595248005585744977
-0.39931391755817458034
-0.3692526982631534338
-0.34733690397115424275
-0.40077171401935629547
-0.41266114520840346813
-0.38013158112880773842
-0.4096058128634467721
-0.42872711934614926577
-0.39982155998586677015
-0.40460513444850221276
-0.43212360897450707853
-0.40420914479182101786
-0.40089717291994020343
-0.43112739094067364931
-0.40973832330200821161
-0.39445192521088756621
-0.43151964811841025949
-0.4135977727419231087
-0.3899891561595723033
-0.42808193148812279105
-0.40602790514822117984
-0.38923717397847212851
-0.41127867993782274425
-0.36208998586516827345
-0.35425720381317660213
-0.39896039370796643198
