0.093141616153475048634
0.049516117032727666181
-0.0081700782819408707125
-0.071086723646115845821
-0.0059363239819114821047
-0.057670398715420782831
-4.1913328567387446238e-05
-0.00014163013158798886163
-0.00030784662898759016826
0.0093834406146314323915
0.0039903550378438965365
-0.034548543488936662993
-0.00045122242030722726569
0.00078762805516028688933
-0.0012586423950741313163
1.0897806053863068332
0.9077697111921665396
-0.3202995078451915667
-1.0985928308010106669
-0.86112341743169196207
0.29616234250893180846
-0.0040808439997389728271
0.0028362850420535399253
0.0013118820951789392747
0.61127853052176572834
-0.027144509852590318483
0.69449800436752984201
-0.036646662938207383298
-0.0015483113165653229152
-0.0062757335392762091109
-0.00014721996805939265842
-0.0097219633574700606293
-0.0073100326676504550488
0.0043496925828245000881
-0.022069054816291802656
0.1354039755316965854
0.00081788155151821923493
0.0002007314962239356126
0.0053416999234759537929
0.00038494668175477529757
-0.00012361229900680745426
-0.00056967709449409439405
-0.00043111257495892448032
-0.00045013223060751540294
-0.00040331478551078938375
-0.00012184832005433648419
-0.00017770488714878264957
0.00013351018679946314617
5.2683260210735727248e-05
-0.002106619137366128134
-0.00092493738306657316984
-7.4060073847488839443e-05
-4.3572947011641477932e-05
-0.00021885370734829587606
-0.011950833054723136728
-0.0013562606935481017357
-0.014927098719291530607
-0.019887823392554408036
-0.029568716434930728681
0.019531965955676536262
0.031637962995886004247
0.0075964247603168182435
-0.033485931952583973537
-0.054527257981050375468
0.0069109401804503369296
0.00087805590005567341928
-0.013613297986543836104
0.012232007426342219811
-0.022619799838917827028
-0.031791805835931122304
0.023550732584573422224
-0.00012704567668335645775
-0.056005422154782602551
0.057483615150806882665
0.066367508046811990452
0.00059446851997627548486
-0.00056522624462605568479
-0.0013063762369201190917
0.0029347745538629318833
0.0082404171760596927471
-0.0015920941410996326901
0.0002856095683068390163
-0.0046133507781274890949
-0.0019840284949384947959
-0.024415447943167838812
-0.018005027703299640585
-0.0059236543609433763014
0.015457900141618470535
0.022833812674964079625
-0.004157048217354955208
-0.0042573341851067205213
-0.015505646032204781909
0.0077603927626317620661
-0.00043844169763289266972
-0.0066360097934006394629
0.0038231610267543715553
0.028518276961780372747
-0.012963017704906843255
0.006590011752265746009
0.00095899851193408905577
0.00068390720260512168158
0.0024365102165096880205
-0.034820198023392597009
-0.015543498667631692328
-0.01451697537856464458
0.0005434997550248126582
-0.0021131312550640071052
-0.0036662750330966826021
-0.00078043666638824332662
-0.00072368014735700158385
0.00034580485088505150256
0.044869266723948801612
0.015212306056413377534
-0.045453025760252174781
-0.0041486715424560293569
-0.0096350005103632042902
0.011443810490791133869
-0.0011867721280359683298
0.028225929170894965142
0.048060175355486470239
-0.0038396114512513753944
0.0002467445009136454365
0.00033642312484280338658
0.011412687572625659915
0.0045163202316204449291
0.081083145335891476657
-0.0011900309975239047478
-0.0024093000394998882394
-0.00023657646350684846887
-0.056362934335339752445
-0.027569230861224175433
0.0046193834826714205363
-0.036345940020338182719
0.0055723330185172151655
-0.0052601201573417334656
-0.013378476841244735587
-0.0019171797255330513647
-0.00013675456191394815041
-0.060273249544804723132
-0.02736888643168215382
-0.018474881645912058503
-0.007499995770295970858
-0.0099458395496808509051
0.0088026965061613390157
-0.00070298674873602745063
-0.0039831180260377517174
0.0013614600943914550394
0.030697018539052364772
0.0074595715165459352755
-0.071880406053966866553
-0.0053215905555751164685
-0.0081051305318446086046
0.0039510033698633038532
-0.00010638568009375472831
-0.008968055895748564682
-0.0020590041187123304597
-0.0011859101127007223245
-0.0037698391751033602862
-0.0052942992987073137987
0.0041233907425593987334
-0.002626044024307333611
-0.0026837898635166442668
-0.01801414269843346419
-0.020318610500806279229
0.014924283722830241836
-0.054336609960054613189
0.014856872043795460447
-0.04174351312115662932
-0.07191075559266521533
-0.0076552005095446512897
-0.020529528475205248428
-0.04341419172244598973
0.018064378710459187
-0.017188491909180821093
0.055186326440662243631
-0.0069485492808491191793
0.045665434022766959732
0.0015307925691938084091
-0.0030521713329831013858
0.0086960636135543865205
6.3352467309468572928e-05
-0.0021962599310665327848
0.0013595353775539048471
0.014926836306707692847
-0.027506001123420966564
0.0075607325732648328689
-0.022086511055247861485
-0.018191804133014955608
0.018090180141273375786
0.0045584159662880631425
-0.077959606386835245129
0.080085445798123364169
-0.075286037315103179757
-0.010645488721984040087
-0.017786420793640036336
0.020581177531793441726
0.0066823492509786499433
-0.02290703186689002982
-1.0562589495189612563e-05
2.299497987946012823e-05
-4.1538344393924702097e-06
-0.028290855308895794529
-0.012242949528707868651
0.020397159567802500973
-0.00087488326850326272009
0.00018559678232658500022
-0.00038598563787132096061
0.032072138732989564913
0.093491044769537248738
-0.026886996485967377263
-0.058566947521178872038
-0.01067957245134131504
-0.040511636358852548545
0.019640918866825424205
0.0067266158704660074588
-0.0094357552524205138417
-0.010463296018086628084
-0.053078769712260435998
0.0051947579118932487793
0.012126098211038527017
0.0079941760177107221846
0.0087899200120338770448
-0.0097092924796000831811
0.0069842643579944765214
-0.020789295153925774207
-0.0021375875850928754453
-0.0011035871806850689608
-0.001321332102760059508
-1.2045363871386163268
-0.17431706307783656484
0.22575172413138730465
-0.0068473305911606078752
-0.00074554526572321298296
-0.00088081190084402275712
-0.064840828520510457311
-0.065092647941843842507
0.08625611042870572065
-0.00034532283840379410147
0.012939084524864622253
0.0060854200641110205508
0.012905402561870522177
0.0067136200733984401079
0.021630879245836547725
0.00077391195346300197585
-0.0019278610391181090402
-0.0082602294068193932858
-0.0061058779264098741665
0.019311347248893710737
0.01430676784637824675
0.027133581117127752308
0.0012076201972490050677
0.00061191983739939173875
-0.00057751212751845138783
0.0028208351308964289481
-0.0019801066787163692715
0.0017290480005562709146
-0.0012131244917722174524
0.0032883060418715279009
-0.020421012415305167531
-0.0017992729566101331017
0.0067941133988806299768
-0.069874164154768228507
0.014913665438091862694
-0.060796423432912138907
0.0070435304789598397746
0.0067522956514584828169
0.0017503402069397383176
-0.0047665713013596514719
0.0088429308202024273916
-2.9666852324713459177e-05
0.0011777284022443112749
0.0029543471521464516501
-0.0029414645989728474204
-0.012638161622602670994
0.0014698257043665554408
-0.010726292415469164399
-0.01686058460978673984
0.052421628632583407159
0.028370978719521600109
-0.56099989295171137638
-0.043817794125899360569
-0.76400544636197209591
-0.053113072741530167886
0.0095169675235692099968
-0.014915698440926513854
-0.043187366937487793594
0.031245987480096208688
0.013989444940991852331
-0.01302762036486457449
0.020999067943949210197
-0.036802895227117646271
-0.0020733900206696921284
0.0035981338903953445814
-0.00056403034427232221718
-0.004169765284051035921
-0.053918608221339252295
0.03721126517549337015
0.0012184373572567718576
-0.0022016628464175693435
0.00084536548792052857316
0.066936537140075511032
-0.034427790538859422143
-0.012618976220167317168
-0.052493218077213923967
0.019222629044518890068
0.021351138608040269584
0.02961361899649959592
-0.021602158662536178474
-0.016890483234502599169
4.5859870894026120774e-05
0.0002515151962819021968
0.00040903180158689312913
0.045903520947652161344
0.057065239120186295185
-0.0064482419403819627932
-0.0065196167307709999156
-0.013551129689604313189
0.028037736537259019126
0.0051644336397730934013
0.0022225660706801644503
-0.00080455893748577567235
-0.015241434086517850061
0.02638110135369620482
-0.015136744338593686662
-0.0017738242078869884567
0.0004655583309510516422
-0.0011910167524543213268
-0.016179873140282338695
0.039502327364590236747
-0.044731143520761927623
1.2720417921992206445
0.17911036240155420174
-0.028017178855574958324
-0.0032202822528807416129
-0.0042960611894968169996
0.0023808130332390112227
0.0086042831399040561186
0.052100290113485797638
-0.0046567923018618860576
0.034384511849100692082
-0.0041742179581155175114
0.0060343336024536392906
-0.031042153430541150755
-0.0086446113978059357236
0.043157097378103428942
0.011880573060337355079
0.01584994209226264425
-0.0085781731406881587404
-0.021945365837766728917
-0.011965461907118318113
-0.00082042361828704648153
0.064205999536932623073
0.066079326286447831462
-0.086999044582319412511
-0.0318043807779105972
-0.072002502858627748239
-0.21578712811255046367
-0.0068133229467013988259
-0.0032260047884711691955
-0.0054099987887033188644
-0.010531704393033188699
-0.011751115859540821676
0.018243349995328991819
0.027098105763784258865
-0.04589356207245167546
0.044302261099822194679
-0.0066163261053174791948
0.0023213377912373253653
0.011284562249596194125
-0.00057527312064646596822
-0.00038663147051820189338
0.0034764731268824939844
0.0092806195315706906113
0.012561487650576937461
-0.019850034213765826996
-0.005998711356394965076
-0.0031752689375503695586
-0.0056814493604131896184
0.014762224604804244019
-0.0074197770004570040223
0.018262683825301530283
-0.0080375796922052770294
0.0019288526535573299967
0.0011061419242017617171
0.00017867860627589703896
-0.00017908886998451941947
-0.00035827334855487614085
0.035798470015496693108
-0.049246475644925423454
-0.0062963710649809514347
-0.061451345805947535372
-0.0046886923501601113565
0.003975408560343800593
0.033169556077434242392
-0.023257368486028971027
0.031140325774126040997
0.00022857340408707809754
-0.00031905717436425928271
-0.00031909180633732674073
0.0028515326465772552166
0.0019471094004323802155
-0.0012141789548663218645
0.056181541023467368445
-0.015286664785049908916
0.014570315753310627768
5.9852071637156951253e-06
-9.6579562876539857121e-06
-1.603317409564597424e-05
2.8394184494126491506e-05
-0.0020265032709494796778
0.00038933712528601633262
0.021411347982963045006
-0.023360892658357945706
0.0058316606741068708133
0.027315974340352693756
-0.051706262077504769326
-0.042509663210564242741
0.034976509353505338962
0.00076566641299118467796
0.017821383736715240564
-0.071070882478299512997
-0.0049581609914428849059
0.043351009769857049014
0.03564681151235891271
-0.0031773536432168391144
0.064185019645468091576
-0.049073550380155359085
-0.0090799937290869572187
-0.029609261759896601807
0.0048567269530669201008
-0.02923819662656769805
-0.012884261573913782101
0.0052004680166582422512
-0.014788606161315760376
-0.021806546657341302486
-0.0062467123139032564375
-0.0088710153782305609105
0.040162905846056674852
-0.045170891725620533619
-0.025315841969647059212
-0.016880816575820599412
5.3882039798451003402e-05
-3.5279772514014568743e-05
-0.00089957537309189787664
0.006263153095462346831
0.04232022083343268265
-0.06274839198720523481
0.14241865510890244773
0.020234381726683514646
-0.32390054623635788911
0.27795735245503877531
0.1982816027964172112
-0.079679630703748310916
0.0019815074363805358464
-0.0011256296292147809253
0.00059314702218706016369
0.0021474018781392507221
-0.0059677309359326439694
-0.011484977793492522069
0.0047914317735610169671
-0.0048111752686230708359
0.0021497933159412285775
0.019092806743636829558
-0.0024162813419817646791
0.016513219346449413416
-0.0015003990408135969934
4.8124914498385799454e-05
-0.0017408157519967631943
-0.024380080642424223347
0.054485952938041370963
0.032989453326600789995
0.00047579183544784879904
-0.0006525343738090020598
0.00013345782711479147234
0.010643464483914543903
-0.0017927559208988032204
0.018596107354184522598
0.011603568502949643607
-0.0043312751866933516323
0.0061831437190681595023
0.090715555799308456031
-0.060724820977515150955
-0.00099286667444913349542
-0.53200743500432112754
0.18285458620887826142
0.10352531520460070413
0.11163921578112903643
-1.0174447926852301372
-0.27261830594336833311
0.0080109262584343188945
0.031013192101818316121
-0.0079010805516365068685
-0.001420236179232974667
-0.0020044588044113588986
0.00017248701959852403361
-0.0013207275150618421906
-0.00081371812112719643911
-0.0062432130816624737193
-0.0012692268715209567825
0.00086079437338799262916
7.2130497508783467196e-05
-0.010384021232882385474
-0.003115316230317351047
-0.00042796612120828429662
0.0013176642913229376364
-0.0018191245005476379317
0.00052262801147396904366
-0.00089261104033842430128
-0.00095271516124133042921
0.0018261108492139087583
0.27147157939576882502
0.1168520261750115169
-0.20469568671377552649
0.066993439785320088586
-0.041091263612937703464
-0.048338448027976432808
0.0017914865745155426815
-0.031949343180597077063
0.0083416149613956252357
0.53286925763231718367
-0.18473216917794851866
-0.10304006100308643612
-0.019124427739712717561
-0.025891260997024351243
-0.03920305375020782801
0.024756816268163495814
-0.0010205312253994446373
0.029078808677476766786
-0.024444696153868902128
0.018585172234084405135
0.0054507605430162715116
0.029906709867659659469
-0.050467151543478368236
0.038683906472058396386
0.026694114707345541204
0.008834695642669180074
0.021224810494147584167
0.00019853573796484096461
0.00050857593836310947995
0.00091310456027952815322
-0.010883942115709144272
0.0087379421906710937756
0.013791891885923160052
-0.019680367547029967157
-0.022716398420696625599
0.010572211387957138398
0.028467858437884348971
0.0079720474639892908997
-0.0057759685120986640691
-0.11336370698057163242
-0.088233508186688555663
0.3552933884440343526
0.041078159266419368711
0.022416452639500022287
-0.043655643876595796871
0.23278661324715935188
-0.053682685029581962699
-0.053519702056850013139
0.0091625118345205723569
-0.017142188782985779555
-0.000931202394735892525
-0.015725681388696659962
0.02520276041645005613
0.012483856827549429797
-0.0012745468458555072634
0.0012633772098607654738
0.004716075769490435908
0.00017155461094740448772
0.084458002175632693187
-0.004297601887923998068
0.0087954887503581772462
0.0031058796010815623197
5.3893898619689592532e-05
-0.001949770575233781807
0.045344980269969824282
-0.049485838361974537891
-0.0091676280570474350667
-0.013778514777025857238
-0.23978651162138647779
0.029562011320317705537
0.029547063756243462096
0.06870599397467642977
0.001168099162179274484
-0.0027781375804295815359
-0.0030839267432759523598
0.012328602569624843091
0.0022343555892152039064
-0.007208785633294640359
-0.024984517188632496265
0.04295916585452140557
0.0096778128487866581925
-0.003763562890232188124
0.055067379954356496241
-0.056895543206112543511
-0.12765554954164484713
0.097957892860545667246
0.080716213499270814125
0.010624653845013761616
-0.21105358890156730722
0.15491658397525640001
0.017947105226833202918
0.020456331850146999146
0.22754222103087753948
-0.27340597375164810146
-0.23203966617723231769
0.083804105169375059381
-0.02943050148739438307
-0.019407657203376456334
-0.034950503505292038198
0.00030905086497729216148
0.0018698286492860045471
0.0009141378291194549293
0.0015181421691862107166
0.00056247494850677885216
-0.0013704658032705381576
-0.026022531844316864474
0.044244202960604293862
0.035488114518163700606
0.081078017165832572122
0.15582294112088157512
-0.092080567584421221805
-0.00012865986060949489858
0.0017160607691752241023
0.00032600858860840482801
-0.005215025505333304584
0.017863646694526998798
-0.0089838799534597332114
0.00014594342593653281104
0.00015269267333389575491
-4.0520764195239029177e-05
-0.053515970074325118488
0.0040880020833254831006
-0.022943883009308642384
0.019801708118056308983
-0.0074056021641187626953
-0.022556498473136628313
0.014226430592357737492
-0.017650159211780865748
-0.0044775523051794312995
0.039373942686980273331
0.012174549731614556919
0.015622701189628196081
-0.023697483118715400446
0.0085102372838295834573
0.021267157989740596846
0.016005324907249492139
-0.0023256300214185561363
0.0049658093484867982942
-0.039365974000787090636
0.033404783367987259113
0.017357125837478091374
0.0014739769421010626323
-0.00032962460615552289763
0.0024410374642391649731
0.013961153448654929632
-0.0058591367604705390029
0.006333440286956675512
-0.023192817973191285491
0.031493735256669756761
0.0037076208917294949455
-0.028407071000066900363
0.02790433673194539152
0.053057380390447016205
-0.0070354765135554712951
0.064046143980592371014
-0.0083449014964825148771
0.0009197258621595696829
0.0050932437060632008638
0.0053635852193083134037
0.018163055986458294389
-0.034423517927439507835
-0.031738402834205793612
-0.0084381693796416867154
-0.0059995823138489770207
0.0036448014168350135848
0.018923465673817797122
0.023438698166587314253
-0.039339711224469817163
-0.10754627734885202628
1.0111027586102456777
0.28203667127985038166
0.040166777708498795085
-0.036333080994758931714
0.039147088048002057215
-0.057927200752323999844
-0.022298587325120623054
-0.051848626865294060451
0.00011741419422031289862
-1.3725191323369863156e-05
9.8359060729603879484e-05
0.066371140382001592162
-0.011145195976959581044
-0.01550033192444816299
0.016007342570734342524
0.035494732136482888551
-0.018698510143615773571
0.028718625915547101035
-0.047160384066889077248
-0.0096228731088914207237
-0.0010586245893588468615
0.013645413538717426905
0.0012970597334191764482
-0.00055928897214174938621
0.00059278209107475378099
-0.0020065727591285545915
0.0010765540148463224879
0.062986157310913809537
-0.016302696986265474005
-0.090231122118128975762
0.024866010020988132262
-0.096488769861431053498
-0.0056444565790738096892
-0.0059452160022101154663
-0.011579883812522735742
0.00022672345163829508551
0.00011707803410504409895
0.0010546954390568633736
-0.0021746321139363210088
0.0072377901330598478843
-0.0026396959622586300444
-0.21053459007439179196
-0.12825190423610446921
0.23140722847560971087
0.069588168137923622769
-0.026138768716615551346
0.028575705448987378382
