0.093141679266784141444
0.049516154894890265781
-0.0081701448311472680414
-0.071086692735881251703
-0.0059363521490809314021
-0.057670305188911946681
-4.1914380132956842364e-05
-0.00014162640603493259375
-0.00030784013910762627686
0.009383443222474635928
0.0039903320087699466548
-0.034548545009681755347
-0.00045121587779040550278
0.00078762223410999861444
-0.0012586326538793950539
1.0897840289966240768
0.90777227096716861521
-0.32030037837225039388
-1.0985962231069887896
-0.8611260983022137605
0.29616327040947987292
-0.0040808432608167039685
0.0028362866202781109211
0.0013118914027417858097
0.61126786971023894246
-0.027144655874706623278
0.69448536590223985954
-0.0366466893838704455
-0.0015483116098975505635
-0.0062757363240743884933
-0.00014721586058097406923
-0.0097219353476331073216
-0.0073100070326050778022
0.0043503535217333617544
-0.022069031208716873016
0.13540098838678618631
0.00081788725390084641726
0.00020072505068019757396
0.0053417197052409524233
0.00038494936481528728997
-0.00012361153668291431575
-0.00056966245625849102566
-0.00043109490707782412416
-0.00045012504969112616384
-0.000403310301001870116
-0.00012183553446702067766
-0.00017767860903347676947
0.00013351099694458695689
5.2684148065994556751e-05
-0.0021066141277007338108
-0.00092493399600844159163
-7.4039849102418449616e-05
-4.3537344802383422574e-05
-0.00021883979218985258547
-0.011950836804977413991
-0.0013562804912408959069
-0.014927108780150036282
-0.019887874465103493743
-0.029568709937328949144
0.019531876572564093458
0.03163779858894502639
0.0075965874976380645678
-0.033486135508243412839
-0.054526998705481388718
0.0069109043193719341125
0.00087809360269451401659
-0.013613234004300830624
0.012231905961201289951
-0.022619611102157738403
-0.031791833498708267636
0.023550762036339226158
-0.00012705988092239189468
-0.0560058473715732974
0.057484602909044002494
0.066367136497391551742
0.00059446738063611670021
-0.00056521199128402907063
-0.0013063657576059331533
0.0029347727550748923565
0.0082404346252630770314
-0.0015920963232449419737
0.00028561474361350920863
-0.0046133456116681636344
-0.0019840291143578985857
-0.024415442585955571264
-0.018005001457004232712
-0.005923601718832554805
0.015457907036144202112
0.022833829665027890327
-0.0041570503666034843565
-0.0042573242507885017752
-0.015505655041149112028
0.0077603734052312843897
-0.00043841466631905351556
-0.0066360237246410680792
0.003823161444339283517
0.028518437988080614504
-0.012963079397375279131
0.0065901092335640841166
0.00095899644641051916445
0.00068391678627148120781
0.002436492740784119114
-0.034820198402622980216
-0.015543485072113078643
-0.014516973069187418671
0.0005435034832820206073
-0.0021131325051950465913
-0.0036662788723564139134
-0.00078043908682003278448
-0.00072366550202624735973
0.00034578060311318229315
0.044869321871970603566
0.015212319386266501611
-0.045453043825154811064
-0.0041486710412583496441
-0.009634976474411393807
0.011443793950487729169
-0.0011867766185220025594
0.028225935997938999406
0.048060212982595502951
-0.0038395981279250516842
0.00024674722798103049855
0.00033642154185841105594
0.011412708030060732256
0.0045163819132862251596
0.081083095391812035069
-0.0011900187936409517206
-0.0024092909573083017699
-0.00023657906768971361552
-0.056362974218348842192
-0.027569352803563308002
0.0046194100033713622264
-0.036345552102337010114
0.0055722793953780882029
-0.0052600653958871854132
-0.013378145614442419828
-0.0019170322853798386215
-0.00013632373329588924984
-0.060273206619098615433
-0.027368835331743460171
-0.018474896129776027798
-0.0074999895842866523554
-0.009945834316390839494
0.0088026915756156919046
-0.00070298932668897480981
-0.0039831130100592224835
0.00136145736356876575
0.030696422685385207907
0.0074595290505553328228
-0.071877234381434090826
-0.0053215922771290714161
-0.0081051245072780477019
0.0039510051899517449267
-0.00010637844763717192167
-0.0089680265458753471303
-0.0020590181997431032668
-0.001185912444170661743
-0.0037698273411520110548
-0.0052942957320874272156
0.0041233779335142382513
-0.002626017881314158392
-0.002683781498579785197
-0.018014194304090434123
-0.020318612334857228535
0.014924268811928256481
-0.054336548434991721601
0.01485683460991222074
-0.041743539823441547232
-0.071910736566107080758
-0.0076550655483090240122
-0.020529478543837756388
-0.043414164658798236329
0.018064314479526288187
-0.017188512825510694065
0.05518626442857223896
-0.0069485449116300510367
0.045665390183636356269
0.0015307948220774497683
-0.0030521682402723641393
0.0086960648024596697708
6.3351067161265600322e-05
-0.0021962623414769522241
0.0013595380335382400896
0.014926825899231301736
-0.027505986944350621637
0.0075607432394482606761
-0.022086591360575714288
-0.018191871678381703326
0.0180902144790499389
0.004558343224528146366
-0.077959656162162271897
0.080085477364419052626
-0.075286202649631414618
-0.010645461535843420142
-0.01778640462714996609
0.020581077887641414936
0.0066823094167346337724
-0.02290693988416839591
-1.055203071585684463e-05
2.2927020737024692899e-05
-4.1174909355223802631e-06
-0.028290771020851181172
-0.012242918369223636244
0.02039706711090722227
-0.0008748843614428630875
0.00018559226165639817574
-0.00038598272415629812345
0.032072046393004836895
0.093490810939338697683
-0.026886963885366658294
-0.058567251946343656943
-0.010679977638869348269
-0.040511992226234611048
0.019640929739511456958
0.0067265957930876833434
-0.0094357393633667588362
-0.010463175916771006238
-0.053078176513335420528
0.005194699912581782382
0.012126129454072830799
0.0079941839524470086065
0.0087899351948642501925
-0.0097092559107857072387
0.0069842658442710210676
-0.020789234867804522872
-0.002137571587592073958
-0.0011036020850161574938
-0.0013213240121716066273
-1.2045490218485559453
-0.17431846089187391646
0.22575511575648263274
-0.0068473167351590681629
-0.00074554802305818097287
-0.0008808073607196342282
-0.064839146738093864086
-0.065090963017541414448
0.086253847487195889343
-0.00034534463419280220188
0.012939123866864707044
0.0060854258831275070962
0.012905376828504669037
0.0067136162794481871879
0.021630831179087432053
0.00077391353227301503976
-0.0019278626448680153457
-0.0082602444131745916822
-0.0061058774607347853988
0.01931135718222885822
0.014306763612640641462
0.027133714080171830729
0.0012075666818365483543
0.0006119190743367114221
-0.00057749979384744804488
0.0028208173065373829194
-0.0019801039195859728922
0.0017290520581683490632
-0.001213127172398212935
0.0032882981894751428693
-0.020420987166187180156
-0.001799286994772462088
0.0067941226834236185736
-0.069873580332889234645
0.014914262769886081281
-0.060796040253544264553
0.0070435287276879162896
0.006752290431527707866
0.0017503279420395478037
-0.0047665593700417499198
0.0088429004693043912477
-2.9661203122938844515e-05
0.0011777207538229204735
0.0029543134112773360503
-0.0029414363582410977746
-0.01263812199540170593
0.0014698184851905024811
-0.010726262892312829825
-0.016860398402017702513
0.052422051643213569971
0.028371324027235536591
-0.56098917155629790532
-0.043817427094981667435
-0.76399283428703279597
-0.053112997726645537477
0.0095170146736812972349
-0.014915664176154754331
-0.043187369326044416917
0.031245916832698499011
0.013989500121603212074
-0.013027636094238383146
0.020998884728289861357
-0.036802567359697710425
-0.0020733833268214841954
0.003598121774395306692
-0.0005640411700019572162
-0.0041696722239294593121
-0.053918435976899971307
0.037211174954509838864
0.001218438325542690534
-0.0022016656343614442355
0.00084536008179890778647
0.066936636346348346582
-0.034427821227436532225
-0.012618961947496520198
-0.052493333716291182278
0.01922267699158160606
0.021351186508048826396
0.029613676557643006659
-0.021602162539256390683
-0.016890509208590941126
4.5863530776024407666e-05
0.00025149785078481021834
0.00040901233936720956608
0.045903665596229784041
0.057065170048266437852
-0.0064482314480031194259
-0.0065196044909324266797
-0.013551008017012033946
0.028037385027256486736
0.0051644372915071430977
0.002222558286678005899
-0.00080456359035177094172
-0.015241424580454892429
0.026381101494953092951
-0.015136697545190975003
-0.0017738093795381197886
0.00046555857257635690962
-0.0011910132456362861487
-0.016179886272973356687
0.039502372520960019053
-0.044731093353072522156
1.2720549793357296409
0.17911245319131247067
-0.028017963235069314604
-0.0032202734695176314303
-0.0042960804104152415864
0.0023808123201806792243
0.008604193662845734461
0.052099678673994793965
-0.0046567396672353806794
0.034384161697631171473
-0.0041741611442762229303
0.0060342748519891529005
-0.031041691664960520403
-0.0086456483959337568357
0.043157439490680377103
0.01188054649952850414
0.015849917574937696235
-0.0085781247960431562111
-0.021945303920911679585
-0.011965455438534980739
-0.00082043897758602888585
0.064204321911259340516
0.066077599408109990997
-0.086996789720700407056
-0.031804866414853305567
-0.07200307834052974143
-0.21578997592713317077
-0.0068133297284279454795
-0.0032260106356865191242
-0.0054100066329023791326
-0.010531676178049870218
-0.011751086134083654766
0.018243304407162309194
0.027098090030098515718
-0.045893486022462015583
0.044302206955519347897
-0.0066163276672337040241
0.0023213346092051802098
0.011284565522605930626
-0.00057527365876812062637
-0.00038662662358825020462
0.0034764705089385841523
0.0092806397875507540274
0.012561550727153134033
-0.019850089675029630731
-0.0059987263740701613629
-0.0031752720269455029373
-0.0056814540745149773662
0.014762205216067754432
-0.0074198062453105211728
0.018262783786431341371
-0.0080376082046967264882
0.0019288713682019391783
0.0011061574759298818497
0.00017866648643936547261
-0.00017905924250744424176
-0.00035826292369764721263
0.035798499407383083115
-0.049246515716900786386
-0.0062964626025292808748
-0.061451310356508838384
-0.0046886922411921811912
0.0039754218006847153941
0.033169523195142797123
-0.023257379700122853688
0.031140225838333705083
0.0002285525140999814203
-0.00031904128976933878326
-0.00031908594272724542795
0.0028515272153371898876
0.0019471180172335952625
-0.0012141809434510588469
0.056181652712364256452
-0.015286701478988060782
0.014570352841123969043
5.9494156354607133111e-06
-9.5733063052080818984e-06
-1.5970747669746330317e-05
2.8393658245575722983e-05
-0.0020265028640629209437
0.00038933565387459296474
0.021411289147945423289
-0.023360934500871167324
0.0058317780023798160977
0.027315942717210228013
-0.051706122281266024554
-0.042509750956621884799
0.034976549256177935643
0.00076570064713371284535
0.017821449745306718743
-0.071070581190477044586
-0.0049577205437560268458
0.04335127008052235692
0.035646555232437641958
-0.0031773049850277721752
0.06418502661208676241
-0.04907354200457190313
-0.0090799910551968999323
-0.029609256141269368195
0.00485674431237680896
-0.029238173412618174984
-0.012884236047028943539
0.0052004713694231898685
-0.014788586332890088157
-0.021806690060615294136
-0.0062467165532201886571
-0.0088710298379295459553
0.040162859157189423343
-0.045171002942384561041
-0.025315873967496575064
-0.016880829636624822276
5.3881244438793643307e-05
-3.5281098811934169849e-05
-0.00089956513909536029491
0.0062629912604380390609
0.042320045765353621336
-0.062748172905581184322
0.14241895108192875741
0.020233134783807057294
-0.32389949722589023162
0.27796041512335956103
0.19828434716125245552
-0.079680925939398253299
0.0019815017763822008121
-0.0011256183309557527081
0.00059313341446773490059
0.0021473759474829288985
-0.0059677873654183921648
-0.011485134561003505077
0.004791433065056706006
-0.0048111764378477635956
0.0021497903079698114925
0.019092506180707329716
-0.0024163649674158252378
0.016512943746475151202
-0.0015004003106810564431
4.8129861889300814323e-05
-0.0017408191262875589728
-0.024380100308218698862
0.054485982531099479143
0.032989522057853520876
0.00047575854789595815701
-0.00065251329723516071114
0.00013345085797717277888
0.010643459845887475596
-0.0017927524217217444356
0.018596093589439262328
0.011603565947157700941
-0.0043312678989726929174
0.0061831430463537414774
0.090715503046241166563
-0.060724802374056550958
-0.00099294166571094384134
-0.53201420385462072637
0.18285693333395555693
0.10352662126363909589
0.11163736052836201185
-1.0174278451183127459
-0.27261370465859163792
0.0080110108667468954424
0.031013168252758533533
-0.0079011025583702893665
-0.0014202440954436590295
-0.002004459214542083853
0.00017248821546497720568
-0.0013207409793194895865
-0.00081370954908944364333
-0.0062432112874658005422
-0.001269225140867574677
0.00086079454097738486267
7.213112349539823828e-05
-0.01038401148190495199
-0.0031153248040529145715
-0.00042796842109716530869
0.0013176525210485891433
-0.001819104883897091577
0.00052262970548261908701
-0.00089259882240652317978
-0.00095271149686157333494
0.001826104148453733516
0.27147640683676438345
0.1168548361756325954
-0.20470002534382217285
0.066993377783610030818
-0.04109128135627989481
-0.048338512653264838204
0.0017915278094419488045
-0.031949574090285301486
0.0083417762153434361905
0.53287601411502671933
-0.18473448148364898791
-0.10304138636050867717
-0.01912441579236699371
-0.025891032159974510657
-0.039203269574546888154
0.024756759663438376862
-0.0010205333211517283749
0.029078748480755318984
-0.02444459626692478682
0.018585236896040965154
0.0054507003715369289898
0.029906694686053843235
-0.05046711231868619002
0.038683875614933575793
0.026694085363944183159
0.0088346517185992293891
0.02122475778305506558
0.00019852453391356385823
0.00050858220512547578588
0.00091310357453198932789
-0.010883952587307363022
0.0087379666289678342012
0.013791895687629365103
-0.019680366940206476395
-0.022716371096013904252
0.010572210880700571786
0.028467858243128384144
0.0079720512068971027125
-0.0057759849017500631413
-0.11336346046385491204
-0.088233425297791864828
0.355292966033084745
0.041078191982524193959
0.022416473295116493003
-0.043655687656256457474
0.23278972332421041247
-0.05368432590619519329
-0.053520847492725578953
0.0091625336818388306709
-0.017142206563172546901
-0.00093118493004684275635
-0.015725721795895295646
0.02520279114546261981
0.012483897673118398569
-0.0012745459002557019915
0.0012633564691034414058
0.0047160789210493577264
0.00017103484713393675909
0.084457457154776011121
-0.0042979498404965409825
0.0087955001216298775435
0.0031058878489380464805
5.3899362817078687944e-05
-0.0019497936819031186188
0.045344945054213353641
-0.049485837855106698524
-0.009167824527599805623
-0.013778577743314269696
-0.23978932288897278347
0.029561863387364148426
0.029546757149011029092
0.068705801599150392867
0.0011680980118706683034
-0.0027781356463669271487
-0.0030839131169639651814
0.012328613491002988686
0.002234356588109112033
-0.0072088021647076167345
-0.024984517321066195689
0.042959163411048086056
0.0096778107898100162315
-0.003763498080931456085
0.055067411434283522476
-0.056895518241324966047
-0.1276579371603109303
0.097960035525355870778
0.080717954419106466291
0.010623883990187092674
-0.21105520684761769346
0.15491758278363232382
0.017947298697912450471
0.020456304959090496065
0.22754490054582832137
-0.27340916451844021751
-0.23204249535264864779
0.083805386374584581177
-0.029430829419619278925
-0.019406155586167449234
-0.034950951302533637965
0.00030904221418668904181
0.0018698201392730003697
0.00091413820407202489842
0.0015181353663468455384
0.00056246645114952243533
-0.0013704671185752127956
-0.026022889556814549766
0.044243764529227964932
0.035487841664151864585
0.081078652620475880064
0.15582461529612634532
-0.092080688792074608107
-0.00012865983480835123344
0.001716054325542429879
0.00032600936692139955656
-0.0052150216992529500534
0.017863743097961366085
-0.0089837928921510361996
0.00014592416275496547756
0.00015264257691676333764
-4.0530295823435036448e-05
-0.053515958663284762808
0.0040879978373040710277
-0.022943883262550680835
0.019801709305223645641
-0.00740559610091492352
-0.022556501461336996017
0.014226358139220702387
-0.017650167368185469552
-0.0044775699482500763704
0.039373937807880274309
0.012174550415090884536
0.015622698781064103118
-0.023697488654675441522
0.0085101240922145042489
0.021267164787443067209
0.016005337168486736404
-0.0023256409914036635031
0.004965808092547694709
-0.039365806074385632785
0.033404640100589820528
0.017357142991050487218
0.0014739725298161506298
-0.00032963899589526663445
0.0024410286441949968599
0.013961159623934340721
-0.0058591173803177257207
0.0063334595294219893716
-0.023192332790154129157
0.031493543325994362292
0.0037071740382389191219
-0.028406911598253741652
0.027904402453027180031
0.053057161333092899003
-0.0070354967647591800523
0.064046161034424411995
-0.0083449048232380664686
0.0009197157673235761919
0.0050932391929987292506
0.0053635767397083736543
0.018162962470826164024
-0.034423404134507791519
-0.031738326448764529741
-0.0084382085217821149042
-0.005999586635790588908
0.0036448244428946615509
0.018923484984453318308
0.023438716440674797065
-0.039339753991104502162
-0.10754448475602723656
1.011085844269205003
0.2820320126934279803
0.040166744031850130925
-0.036333063644004577608
0.039147051509723404528
-0.057927858799004472434
-0.022299042684088526967
-0.051849297728838256161
0.00011739954547707832032
-1.3728646458023884542e-05
9.832622308217708689e-05
0.066371029198189546161
-0.011145279621894734617
-0.015500212546931535842
0.01600735278970228867
0.035494730230311563601
-0.018698441677579714232
0.028718623852225035747
-0.047160382502887787659
-0.0096228729904104803872
-0.0010586448454006107053
0.013645423880297782859
0.0012970216818139008921
-0.00055928949378755807471
0.00059276673629383861211
-0.0020065754743549125798
0.0010765251585105912058
0.062986119348404603913
-0.016302631610444734411
-0.090231569420233082024
0.024865888414525558897
-0.096488933024255346682
-0.005644449636605060501
-0.005945227653458880733
-0.011579891034362379404
0.00022672287196499337587
0.00011707528840202056724
0.0010546868654068960926
-0.0021746425649564987519
0.0072377807678645801615
-0.0026397016101061404614
-0.21053944876970218103
-0.12825468036188925058
0.2314115924135485558
0.06958798718137730599
-0.026138712510564144492
0.028575665268299871996
