0.093141604015966480978
0.049516091730397192305
-0.0081701582986876859771
-0.07108670749204383521
-0.0059363022399795553966
-0.057670398253103508091
-4.1914148419131564013e-05
-0.00014162622092843583986
-0.00030783971425146728837
0.0093834979635741989218
0.0039903126241013090261
-0.034548510219800730725
-0.00045121568905402638415
0.00078762314119912670875
-0.0012586319487923969349
1.0897845677621489369
0.90777275501706933269
-0.32030054820404740834
-1.0985967691450180261
-0.86112651646520510518
0.29616341263582668386
-0.0040808421614400873165
0.0028362848750134819244
0.0013118897113867265466
0.61127382183588718778
-0.027144538403169229945
0.69449245640317236461
-0.036646693960996713779
-0.0015483104753114627222
-0.0062757355500948786703
-0.00014721168852345961143
-0.0097219606246688218543
-0.0073100132469659526505
0.0043501994503097850264
-0.022069022525570237275
0.13540160073007931341
0.00081788374385808357107
0.00020072727815863020758
0.0053417103844558512168
0.00038494862212596779507
-0.00012361150816567163064
-0.00056966180406619985888
-0.00043109511859276282604
-0.00045012527980448465348
-0.00040331058517426119237
-0.00012183563589071564107
-0.00017767861961005793851
0.00013351103764701731532
5.2684362556486940665e-05
-0.0021066135061871622998
-0.0009249336931963567229
-7.4039890701326090648e-05
-4.3537403874007852384e-05
-0.00021883988375403457612
-0.011950893962996438427
-0.0013562763966358396331
-0.014927102642697462342
-0.019887826691340124846
-0.029568663191994377232
0.019531849612112333475
0.031637640309553696771
0.0075966559057697316884
-0.033486178776873314067
-0.054526951188132326276
0.0069108932495295536877
0.00087813144014069048106
-0.013613158485441038265
0.012231816469276483514
-0.022619467649900047712
-0.031791771813560021354
0.02355070797155374776
-0.00012705237484093870001
-0.056006053726709373319
0.057485087572466675443
0.066366983358615586064
0.00059446719973121637387
-0.00056521177037067776502
-0.0013063650532132951854
0.0029347665369418001607
0.0082404146303910585231
-0.0015920903010446635882
0.00028560688337381467906
-0.0046133544250755512128
-0.0019840267858508169908
-0.024415440105240927143
-0.018005010292401736616
-0.0059235986173044952521
0.01545788534463262559
0.022833799690914143715
-0.0041570466503313601228
-0.0042573294000857690028
-0.015505635012697166486
0.0077603746598289488623
-0.00043842409505221005593
-0.006635997559705500079
0.0038231387339791337784
0.028518180623034787569
-0.012963067699365787497
0.0065900693115579058248
0.00095899489233735159353
0.00068391628821773907919
0.0024364966887683399063
-0.03482013705256555014
-0.01554348824174183949
-0.01451695640400626347
0.00054350158555234310328
-0.0021131267771055308596
-0.0036662769701743900402
-0.00078043702555980159867
-0.00072366362737900620863
0.00034578045521587916483
0.044869190208417682186
0.015212335835957522395
-0.045452982763356776508
-0.0041486723734422206733
-0.0096349882500006006625
0.011443798599916524261
-0.0011867483844481606457
0.028225957063191194768
0.048060180303981264727
-0.0038396042903959598167
0.00024674972559301838661
0.00033642064179156534829
0.011412686336659254305
0.0045163347081924399076
0.081083103267734199515
-0.001190019598550883179
-0.0024092891872949367266
-0.00023657721717469280213
-0.056362923122729585712
-0.027569208090119024651
0.0046193653043969298139
-0.036345453858108348055
0.005572264665203074431
-0.0052600502168284957519
-0.013378353577087755133
-0.0019170344559983920098
-0.00013635959640373389421
-0.060272580962919410086
-0.027368682262732230148
-0.018474549829137782569
-0.007500007147356921311
-0.0099458614446809225779
0.0088027101192939272156
-0.00070298298732514969637
-0.0039831166046409433035
0.0013614616760894350956
0.030696102934288937297
0.0074604404032321399928
-0.071875816379049453642
-0.0053215825771344626646
-0.00810510849694626688
0.0039509981031607480095
-0.0001063816783592842828
-0.0089680513026618446926
-0.0020590139555509219711
-0.0011859131614970343065
-0.0037698320675113249599
-0.0052943034083711660795
0.0041233770462641749013
-0.0026260175678376167924
-0.0026837808779510796513
-0.01801411477171982814
-0.020318602164836621626
0.014924223931658686312
-0.054336586853137879005
0.014856855617461835542
-0.041743506793582907388
-0.071910732396098284158
-0.007655180432538437503
-0.020529523568140441853
-0.043414190664772672745
0.018064438844832532427
-0.017188506544903586759
0.055185670778938232528
-0.0069486909010754759411
0.045665049520242508019
0.0015307944214131021486
-0.0030521657902801931951
0.0086960675387244175394
6.3352671232459032325e-05
-0.0021962541991095902751
0.0013595327623236043001
0.014926872072659087831
-0.027506029204456518972
0.00756072561180112096
-0.022086454172063185036
-0.018191764866725988747
0.018090141544921188588
0.0045584083171013494232
-0.077959564942627651574
0.080085435504671009799
-0.075285951951205867805
-0.010645451026034121259
-0.017786388665365988199
0.020581095152630641404
0.0066823123081992561942
-0.022906957724226458678
-1.0552035363060077079e-05
2.2927062257078028711e-05
-4.1175136957751166594e-06
-0.02829077959079095636
-0.012242916807373931121
0.020397089522405962431
-0.00087488455712773666607
0.00018559163371223210966
-0.00038598530735827217336
0.032072071386554310002
0.093490836165345467257
-0.02688694455385552684
-0.058566742795037325664
-0.010679396760634373917
-0.040511430708965769087
0.019640925906698684933
0.0067265975938557926242
-0.0094357425216070114904
-0.010463607583669197812
-0.053080676973644547179
0.0051949278739468742958
0.01212608967456721594
0.0079941607796886748893
0.0087899073670331794722
-0.0097092744611241739439
0.0069842652059964706671
-0.0207892581496239362
-0.0021375704312985737733
-0.0011036034792364099802
-0.0013213228872530845791
-1.2045285140319066386
-0.17431534122537029052
0.22575464232954231547
-0.0068473252738946357304
-0.00074554724356985975237
-0.00088081214930082747487
-0.064840940989624326618
-0.065092786986188352905
0.086256259988813435702
-0.00034532550862315276874
0.012939105232737571627
0.0060854272707992658475
0.012905381036178052365
0.0067136182947848217425
0.02163084257503433
0.00077391497151576009624
-0.0019278629231430394631
-0.0082602357027457256472
-0.0061058961752416237093
0.019311376567357846357
0.014306805318408364475
0.027133780295301387214
0.0012075423852979851741
0.00061192021530091615655
-0.00057749870197228408541
0.0028208225459941606468
-0.0019801075992936386337
0.0017290546158503731361
-0.0012131307335153447991
0.0032883042970543127116
-0.020420985863204871302
-0.001799285839653245447
0.0067941195301874516069
-0.069873911820998543809
0.014913894494112425043
-0.060796241716783078202
0.0070435348528468250118
0.0067522948442453002357
0.0017503349404333092259
-0.004766568867737726832
0.0088429201686175198938
-2.9657365665208410205e-05
0.0011777216536990244445
0.0029543156210533310507
-0.0029414386707357835331
-0.012638110575802231558
0.0014698168922963985358
-0.010726257112038201091
-0.016860659927129411501
0.052421391126661047444
0.028370798236170155504
-0.56099508168475531455
-0.043817623130517291408
-0.76399993002395383268
-0.053112955850671161873
0.009517032249428115237
-0.014915685373419192844
-0.043187326403495256144
0.031245928014851268723
0.013989467113785810856
-0.013027622141321915095
0.020999030225975524877
-0.036802878006225413221
-0.00207338048544560569
0.0035981152525543266645
-0.00056403971599102646194
-0.0041696752275935198423
-0.053918615805689185105
0.037211128498249035346
0.0012184415015216490917
-0.00220166801915052876
0.00084536202526331607164
0.066936432813076818249
-0.034427737240421883713
-0.012618967223153903373
-0.052493204640235636982
0.019222626793655647748
0.021351142249071156098
0.029613669721591344419
-0.021602183513572098539
-0.016890504521651632241
4.5863392425498093795e-05
0.00025149786450027068058
0.00040901231631380213002
0.045903548940342500662
0.057065133065392799339
-0.0064482171269119080773
-0.0065196265855745512419
-0.013551085053800128455
0.028037720339834593108
0.0051644331768757505488
0.0022225557794962273045
-0.00080456235293201996614
-0.015241413856123134721
0.026380980120493575242
-0.015136796206834479336
-0.0017738095475766785507
0.00046555905111074524002
-0.0011910137706203428095
-0.016179828947757431828
0.039502228094723916552
-0.044731121773008641895
1.272034497045420709
0.17910955178843690483
-0.028017406971919553427
-0.0032202715248218706685
-0.0042960720641881007531
0.0023808109086169227178
0.0086046208529395994818
0.052102176167605471213
-0.0046569662781554199346
0.03438406322876413207
-0.0041741484882168800388
0.0060342607859080700169
-0.031041589840225720237
-0.0086460714323103610851
0.043157589666190786237
0.011880559552771421256
0.015849922929539812105
-0.0085781384762378138503
-0.021945360458718796148
-0.01196544768962637742
-0.0008204116310135678436
0.064206116658354128734
0.066079423792205202459
-0.08699920244150631532
-0.031804879177531504564
-0.072003072239958734735
-0.21579016212760823712
-0.0068133194990642308858
-0.0032260007993057627715
-0.0054099979331160624393
-0.010531686052813253943
-0.011751097809728414806
0.018243321440060987493
0.027098060495449813323
-0.045893450916888615942
0.044302190998069118644
-0.0066163108348834135178
0.002321329157113350989
0.011284533803343177807
-0.00057527351846337624122
-0.00038662905860556076717
0.0034764745302165774715
0.0092804724371277728945
0.012560967523827825873
-0.019849630459320231207
-0.0059987043671190327584
-0.0031752651238479679373
-0.0056814466579590055736
0.014762166953245179149
-0.0074197799780057254945
0.018262706764558205019
-0.0080374130633254319001
0.0019293611741619039624
0.001105754219252687862
0.00017866619841864852278
-0.00017905944830622327456
-0.00035826296123853677194
0.035798482631038748558
-0.049246524558807999727
-0.0062964555462734096009
-0.061451262923529113846
-0.0046886898704980731548
0.0039753664778516967226
0.03316944582518871476
-0.02325737047285690931
0.031140346029845649561
0.00022855245851362165931
-0.0003190411509582329443
-0.00031908580876213580614
0.0028515268468404450508
0.0019471173771792643289
-0.0012141798396334891642
0.056181542659091636416
-0.015286635065815831758
0.014570314590297218232
5.9495704327883912313e-06
-9.5737905843347494015e-06
-1.5971047850387192944e-05
2.8393980191602238936e-05
-0.0020264994625224224539
0.00038933667830641754525
0.021411106044458769193
-0.023360916804209572867
0.0058315356960363766425
0.027315975407667943825
-0.051706193430108168818
-0.042509716521204991835
0.034976476727850085158
0.00076574040491088877797
0.017821443109831393292
-0.07107038017673020236
-0.0049574822705569379991
0.043351411346733322028
0.035646482468354993844
-0.0031772898636516669173
0.064184980822651060972
-0.049073280567630071791
-0.0090799589300446428147
-0.029609137083860932738
0.0048567811919454683192
-0.029238224430458720909
-0.012884282189933884966
0.0052004270756227091374
-0.014788587497571111656
-0.021806580855676174768
-0.006246724725203358676
-0.0088710456233426354666
0.040162849387698054682
-0.045170915427647569118
-0.02531586189491497399
-0.016880820267799773182
5.3881193212088914326e-05
-3.5281012912756580925e-05
-0.00089956502539493513482
0.0062629748209287695523
0.042319872650830453464
-0.062747923701051214196
0.14241918493558827774
0.020233641248585475247
-0.32390032199506862964
0.27795424757575459829
0.19827893969166740518
-0.079678421837789920046
0.0019815014028554708662
-0.0011256176783515808339
0.00059313365003892462579
0.002147334605859798403
-0.0059678539340240078365
-0.011485323319196475214
0.0047914451734107233599
-0.0048111896839120055908
0.0021497940089240030401
0.019092740230600691725
-0.0024162778016433624634
0.016513161007832507371
-0.001500400359796926885
4.8127770100189369226e-05
-0.0017408243281411461736
-0.02437990388205452108
0.054485513597818918674
0.032988845797480639832
0.00047575834198997524627
-0.00065251296459073189048
0.00013345087238054341916
0.010643477453461107352
-0.0017927370055583751341
0.018596132407545613169
0.01160354920909729623
-0.0043312622381397195351
0.0061831387362591729018
0.090715444309138276724
-0.060724799848516863854
-0.00099283558947027626511
-0.53200356186790564994
0.18285326829133835558
0.10352455065698350223
0.11163808229716729037
-1.0174344956905698734
-0.27261550836487352667
0.0080110581245155833285
0.031013146765440400415
-0.0079011543610747001637
-0.0014202464554662979322
-0.002004459954239648338
0.00017248675248180927295
-0.0013207406232227530702
-0.0008137104959223110702
-0.0062432099065569419266
-0.0012692265572321914137
0.00086079562571813889732
7.2127959998333549246e-05
-0.0103840286702792748
-0.0031153292175322847349
-0.00042798050896812513816
0.0013176536525061491659
-0.0018191063273966581997
0.00052263025078844573077
-0.0008925997293274554132
-0.00095271055289938616408
0.0018261045132813497668
0.27147135293665214384
0.11685197298311239544
-0.20469552881549712975
0.066993818613610464641
-0.041092131788431483785
-0.048340640941564740063
0.001791493473057441865
-0.031949666810348373303
0.0083426931557261368305
0.53286537346378426427
-0.18473081857964784858
-0.10303931466435724273
-0.019124612950414652396
-0.025890494568191146918
-0.039203513661687970637
0.024756752003593670425
-0.0010205267267640420747
0.029078752957955023711
-0.024444830032058210978
0.018585126043615663588
0.005450820320975547674
0.029906707907567098986
-0.050467135466734938665
0.038683888385784653829
0.026694124211319784218
0.0088346622300310411607
0.021224817311846208567
0.00019852585211482991017
0.00050858251002112856484
0.00091310334498288889694
-0.010883906330869936099
0.0087379092690138722432
0.013791856644650437105
-0.019680391787875273907
-0.022716401035637327072
0.01057222995173332826
0.028467862186301779587
0.0079720452664979856577
-0.0057759732234727422656
-0.11336372943080404163
-0.088233581553476436721
0.35529374071806918423
0.041078152207083946934
0.022416447954215091426
-0.043655640381592801524
0.23279089523639354131
-0.053685538949096979489
-0.053521764911870689518
0.0091625181887473247655
-0.01714220691449857073
-0.00093120812310147095796
-0.015725732001138952726
0.025202817148266873359
0.012483909915612805691
-0.0012745489499578787664
0.0012633612897837097865
0.0047160871286574699776
0.00017135334342805125327
0.084457682312802928593
-0.0042977308255746733343
0.0087954787715543679416
0.0031058803090764225407
5.3894053763114975052e-05
-0.001949751817614804204
0.045344980689455763323
-0.049485865353705082992
-0.0091677431272601094675
-0.013778602239493608142
-0.2397887238826480194
0.029561847942284454061
0.029546838096761968845
0.06870576853860771438
0.0011680985665604580633
-0.0027781434511479404653
-0.0030839175945789098002
0.012328605286346924763
0.0022343551558187259125
-0.0072087972193024220033
-0.024984571741446744836
0.04295925474693747248
0.0096778319476343837441
-0.0037635759307005581947
0.055067410630707143426
-0.0568955583260522188
-0.12765923883088933777
0.097961125438667334686
0.080718850844476955353
0.01062627862069358102
-0.21105252456671583228
0.15491713548650379306
0.017947260963180066556
0.02045634034037148441
0.22754434902217893222
-0.2734030730556430977
-0.23203701508653851171
0.083802818172609816472
-0.029430720607419434687
-0.019406600670316166701
-0.034950806800518818829
0.0003090423796084789689
0.0018698181062173303748
0.00091413712951316156759
0.0015181352822588197165
0.00056246730855307141943
-0.0013704664167137942023
-0.026022971465300727412
0.044243508027148659156
0.035487683306413685125
0.081076633543114076663
0.15582215907452701131
-0.092079661083918545872
-0.00012865897487624337121
0.0017160551888599517335
0.00032601085043312025107
-0.0052150394265472370739
0.017863665323509490823
-0.0089838588928331224864
0.00014592421320006450326
0.0001526427457384104834
-4.0530295211805833489e-05
-0.053515859551659841764
0.0040879827621131143572
-0.022943837082923256715
0.019801745919090677633
-0.0074056078779959552683
-0.022556545658696119244
0.014226462084221703011
-0.017650138853448717191
-0.0044774813329046840235
0.039373883425538450109
0.012174530646084907176
0.015622676424556817057
-0.023697484724801667899
0.0085103285587829913955
0.021267326888277815478
0.016005300443009309874
-0.0023256167774772097505
0.0049658060681671677833
-0.039366023138216382771
0.033404825805908755498
0.017357151274852940237
0.0014739707771841655589
-0.00032963905986571661114
0.0024410259533617032629
0.013961085701306000934
-0.0058591660132578547368
0.0063333743111397590442
-0.023192219798440813494
0.031493533400747689144
0.0037070188455472635747
-0.028406913691273266709
0.027904348716523749013
0.053057297531889389963
-0.0070354879284070213907
0.06404612571015867728
-0.0083448935158891551084
0.00091971241230883349783
0.0050932603555831615014
0.0053635771754573574252
0.018163163731362418074
-0.034423573819343682156
-0.031738358703686950224
-0.0084381957980112168999
-0.0059995926194849761096
0.0036448099994760003832
0.018923459191901800119
0.023438689136883815445
-0.039339703142079504583
-0.10754520010790051543
1.011092478056805577
0.28203382360323087097
0.040166731361656785038
-0.036333029039347354561
0.039147043931141878303
-0.057927820207859560819
-0.022298974070969489886
-0.051849204948035507168
0.00011739974111045454542
-1.3728695609703088176e-05
9.8326336581795278804e-05
0.066371058429318716132
-0.011145315306584410026
-0.015500200404354839978
0.016007349877695482843
0.035494714721690578951
-0.018698473495766525232
0.028718681326276480903
-0.047160478357516341652
-0.009622892295009500413
-0.0010586381852617627285
0.013645427325653484985
0.0012970536343139141625
-0.0005592881855259748073
0.00059276593625636028913
-0.0020065729338122131886
0.0010765740095932049836
0.062986169954897197609
-0.016302632806228772172
-0.090232099991730457811
0.024866068667811606213
-0.096489811499228306246
-0.0056444706101422175218
-0.005945179582935597451
-0.011579847122730215631
0.00022672331560820216108
0.0001170756783469999499
0.0010546880006039468201
-0.0021746490500194064384
0.0072377985479896902316
-0.0026397095254163272654
-0.21053442376618836107
-0.12825181126103923912
0.2314070863554741897
0.069588127480413930481
-0.026138799295995742561
0.028575838146654257421
