0.093141674474597591082
0.049516211085288301674
-0.0081701486518032332557
-0.071086695515065329021
-0.0059363063903479394365
-0.057670392297349173938
-4.1914237597957990057e-05
-0.0001416263589084459343
-0.00030783995576700342841
0.0093834552587331310214
0.0039903217334162650182
-0.034548555179305884266
-0.00045121600743047469029
0.00078762194180404324073
-0.0012586306511552316795
1.0897671585293666752
0.90775906186860688685
-0.3202958369089276558
-1.0985793645149362074
-0.86111280633161724207
0.29615869120762855493
-0.0040808469989595365715
0.0028362898313978872518
0.0013118939296560257288
0.61128106763709166849
-0.027144365109847742173
0.69450084950932033934
-0.036646658391153351386
-0.0015483095051723584721
-0.0062757306047826373618
-0.00014721051326286582468
-0.0097219506431316469325
-0.0073100056434718006446
0.0043497027412643012381
-0.022069063218648959923
0.13540402273265145228
0.00081787867635569830044
0.00020073310159228087012
0.0053416958976484924665
0.00038494877711748784737
-0.00012361151856770860981
-0.00056966205805794687279
-0.00043109477925789814814
-0.00045012469435892283253
-0.00040331020883371137718
-0.00012183547948915084613
-0.00017767864380136797224
0.00013351101938861650192
5.2684246353003839002e-05
-0.0021066181608207167585
-0.00092493470701103682428
-7.4039878769793478685e-05
-4.3537362838472354885e-05
-0.00021883983102799476044
-0.011950853311073787386
-0.0013562606752103626394
-0.014927109126362686845
-0.019887814549317209961
-0.029568665480524832651
0.019531889545975730099
0.031637253081212575456
0.0075970109593214533994
-0.033486609219177891628
-0.054527392142607468417
0.0069109652141565768371
0.00087803189060928698521
-0.013611526661781751454
0.012230845632445939974
-0.022619066432874965211
-0.031791823607335713275
0.02355074483839434546
-0.00012708259716359893892
-0.056005442191990828515
0.057483687823132512129
0.066367497083154314286
0.00059446659028371468588
-0.00056521090607606402217
-0.0013063636662740542131
0.0029347727320965036335
0.0082404088238122452648
-0.0015920917350593843595
0.00028560945682199411454
-0.0046133442299332349038
-0.0019840288414877276825
-0.024415386242814016149
-0.01800494917657793903
-0.005923707161801847372
0.015457971477249372871
0.022833879384926543399
-0.0041570583764583331904
-0.0042573300430067580191
-0.015505639492208482186
0.0077603975251894375537
-0.00043842319982876953909
-0.0066360197511351600927
0.0038231618672291325239
0.028518256335988003553
-0.012963109699216390086
0.0065900884195502053634
0.00095899522488722735956
0.00068391524168865292389
0.0024364965893817185777
-0.034820089794166259045
-0.015543482869693515946
-0.014516941799139431932
0.00054350044622233895618
-0.00211313044279238995
-0.0036662863048937629519
-0.00078043718052956030391
-0.00072366379479563960799
0.00034578042562040151205
0.044869137807479579638
0.015212411209541046309
-0.045452974148721965453
-0.0041486761475296460647
-0.0096350084736163445209
0.011443822108874891069
-0.0011867861283309814793
0.028225883620887508296
0.04806004094538404714
-0.0038396012868364580092
0.00024675171820290830137
0.00033641974338293178246
0.011412723125373638172
0.0045163635998043414124
0.081083157425728497048
-0.001190017854331091576
-0.0024092906293902704995
-0.0002365783801331540774
-0.056362871331498157201
-0.027569273922223514611
0.004619303441616335465
-0.036346007125708901242
0.0055723475880872118046
-0.0052601365877868897988
-0.013377648646580503344
-0.0019169497578345861405
-0.00013601205064428902643
-0.060271995667976807631
-0.027368546520003762812
-0.018474204913446437559
-0.0074999905185995823301
-0.0099458255973151905166
0.0088026879583543438113
-0.00070298495490658547552
-0.0039831136766865435361
0.0013614575622105048753
0.030696514928801963557
0.007460694133453404063
-0.071877624111029547738
-0.0053215824021087413179
-0.0081051096784921818073
0.0039509982643886974035
-0.00010638219060141717589
-0.0089680399701025179798
-0.0020590097250457635447
-0.0011859086933673932893
-0.0037698329291919402753
-0.0052942961823704169297
0.0041233845444304780339
-0.0026260218666525796463
-0.0026837859152048118387
-0.018014193156721258759
-0.020318595869539480409
0.014924274810274579597
-0.054336570199961284344
0.014856893758226054347
-0.041743346443558204673
-0.071910612965453105105
-0.0076552039400716283615
-0.020529477577155917645
-0.043414226376412463904
0.018064389429032552681
-0.017188520400121878873
0.055185080391940942446
-0.0069488090775339404412
0.045664713387453523263
0.001530793998764486824
-0.003052164232116164836
0.0086960560232909548534
6.3352324859731210058e-05
-0.0021962583122158529751
0.0013595313558224459208
0.014926838304720723913
-0.027506049004103878125
0.0075607674542960152247
-0.022086149165413161699
-0.018191527370955716536
0.018089963776587718314
0.0045582335425923530686
-0.077959645544677477758
0.080085507032896158242
-0.075286091906254556938
-0.010645492580038934741
-0.017786418297977505537
0.020581152621305550537
0.0066823406516196108551
-0.022907017800599647345
-1.0552022181419841023e-05
2.2927018210908051322e-05
-4.1174932428657970703e-06
-0.028290837514254575658
-0.012242940747807981236
0.02039714482179338928
-0.00087488397522805295449
0.00018559214495476622931
-0.00038598515101069254219
0.032072116235067199552
0.093490844288589836086
-0.0268869558296535964
-0.058566817399530617105
-0.010679375166867999952
-0.040511452835151270935
0.019640943409661187902
0.0067265998686880197274
-0.0094357448101700935883
-0.01046350883973645382
-0.053080106488561248912
0.0051948762618977770839
0.012126107954476484513
0.0079941862283589900512
0.0087899303860441702074
-0.0097093221286834851397
0.0069842589428919452099
-0.020789348308032435525
-0.0021375693063411149893
-0.001103596918830959759
-0.0013213237284739273465
-1.2045257345278215233
-0.17431513864390862922
0.22575315368292758755
-0.0068473362850874405078
-0.00074555038133765089842
-0.00088081429846764941298
-0.064841678306851904812
-0.065093536960575765216
0.086257251753235411607
-0.00034530045769721030933
0.01293907353492015043
0.0060854171795475123577
0.012905434969339426785
0.0067136209254702889498
0.021630941504044782359
0.00077392359566569291461
-0.001927868717823394808
-0.0082602246779759115614
-0.0061058374250641455835
0.019311391141153853163
0.01430674831714448883
0.027132503227983665456
0.0012081506362617289163
0.00061193997828596019897
-0.00057749964666447271052
0.0028208235355436433664
-0.001980109082581680939
0.0017290550276181893777
-0.001213128351308857605
0.0032883017536095939838
-0.020421005319929019795
-0.0017992939203130629399
0.0067941240147102368446
-0.069874116177818815232
0.01491356938467350117
-0.060796373697467626096
0.0070435239229364723576
0.0067522932973385959426
0.0017503252868367835497
-0.0047665589008827518105
0.0088429107555235263866
-2.9654817886426595546e-05
0.0011777228100336870151
0.0029543182676109113437
-0.0029414416384001109209
-0.012638103323525499283
0.0014698148687193484697
-0.010726249942073421209
-0.016860716196104734432
0.052421456126142330911
0.02837082072226270249
-0.5610024208844964777
-0.043817684506896187324
-0.76400837287254474983
-0.053112979656571066012
0.0095170233319649185505
-0.014915665753356692827
-0.043187365923504347776
0.031245925784441734574
0.013989497484292888821
-0.013027577296173226823
0.020999274763014452033
-0.036803297383066091442
-0.0020733812891531753705
0.0035981176138177519037
-0.00056404043501143857377
-0.0041696476516465156778
-0.053918649818881919655
0.037211098511154998281
0.0012184423268848923374
-0.0022016680980024277287
0.00084536481538707408234
0.066936539266690742167
-0.034427835286885408173
-0.012619002329628052975
-0.052493285917509770189
0.019222607765073677216
0.021351141422558578969
0.029613677411216673269
-0.021602186674786898885
-0.016890493910869674304
4.5863433947293942398e-05
0.00025149776206578135012
0.00040901221593592907008
0.045903673728582901348
0.057064831105374684561
-0.0064482235105295286973
-0.0065196143954907026519
-0.013551355447952495581
0.028038129358341441766
0.0051644301492059958847
0.002222554554402129956
-0.00080456156035408916277
-0.015241423650609443527
0.026381116900210395404
-0.015136668172748200117
-0.0017738083247493261537
0.00046555807675773203721
-0.0011910133301481131557
-0.016179841093845154232
0.039502310221857385442
-0.044731166194911901879
1.2720313744361932962
0.17910880123191569302
-0.028016798227444419944
-0.0032202696063917488761
-0.0042960748683565546172
0.0023808092063085221392
0.0086045237225181852442
0.052101605910357173812
-0.004656914500653507212
0.034384617574759676617
-0.004174231882289686224
0.0060343467218647757477
-0.031042111957460385985
-0.0086447040944315628463
0.043157128071861249052
0.011880598114137731411
0.015849968330673501471
-0.0085781898437130837259
-0.021945305213311692982
-0.011965453327545621728
-0.00082043475665585362689
0.064206853152091111769
0.066080174081807191433
-0.087000194539800221327
-0.031804749138046539692
-0.072002862519649601936
-0.21578895146946358574
-0.0068133246556825862936
-0.0032260027852376161987
-0.005410007259609430838
-0.01053172319402397375
-0.011751140068839500269
0.018243381104451096564
0.02709800177119370268
-0.045893161688702034662
0.044302181227940301556
-0.0066163271137309655895
0.0023213358735556174905
0.011284565801349939404
-0.00057526594657926553422
-0.00038663072474107537018
0.0034764745808717706192
0.0092803960342425478175
0.012560750945275827098
-0.019849444233520106839
-0.0059987033191610580202
-0.0031752685141360724452
-0.0056814463148013088709
0.014762205572278428237
-0.0074198065482133897589
0.018262779787207351206
-0.0080373847041457398277
0.0019297373189679255853
0.0011055481214968065733
0.00017866676486706127504
-0.0001790594304192167014
-0.00035826351633862170204
0.035798481165157762518
-0.049246535194573753946
-0.0062963762205416225204
-0.061451347689465897484
-0.0046886913516212243638
0.0039753707341954099691
0.033169589639600940978
-0.023257344599046308325
0.031140263849872267671
0.00022855277677177860242
-0.00031904158995628520987
-0.00031908631066297033852
0.0028515201701823458293
0.0019471129653606136876
-0.0012141782570460641234
0.056181538855699757196
-0.015286751558414447827
0.014570316010232269716
5.9494134577009250131e-06
-9.5733027134431755684e-06
-1.5970737584194955012e-05
2.8393579895910828876e-05
-0.0020264996745040573904
0.00038933883779058845506
0.021411354062732017994
-0.02336089559151413933
0.0058317242837549396195
0.027315957030393859389
-0.051706207321242078634
-0.042509710607032645535
0.034976391429032395453
0.00076564554759505970213
0.017821407422116131158
-0.071070459203543587257
-0.0049575792315662376916
0.043351451828981861503
0.035646947143884548381
-0.0031773660192783268093
0.064185080833102120534
-0.049073581526147685983
-0.0090799933537029382108
-0.029609247541947478211
0.0048566657076702882817
-0.029238244578181391692
-0.012884196362030172003
0.0052004042273862969084
-0.014788631707886615643
-0.021806686948782710855
-0.0062467187021898705479
-0.008871032631610840935
0.040162904350411490761
-0.045170867401375214278
-0.025315892460590919133
-0.016880813301592880599
5.3881339535535851062e-05
-3.5280711054422882569e-05
-0.00089956533300487482533
0.0062630673190989917878
0.042320086711366715349
-0.062748273604011639559
0.14242227965795178912
0.020234903770653206445
-0.32390723302652885129
0.27795404317424987628
0.19827870918891563057
-0.079678294614544037389
0.0019815026243697277976
-0.0011256177809065800489
0.00059313413916625538653
0.0021474105384141372634
-0.0059677254647149272429
-0.011484957247553242293
0.0047914267129239695303
-0.0048111670116137523687
0.0021497882090236375072
0.019091974932844969076
-0.0024165149546965178362
0.016512457455849716831
-0.001500402468422094588
4.8128285032355035947e-05
-0.0017408228281394614624
-0.024380048529802893914
0.054485863843432555398
0.03298941120897464635
0.00047575760426247148613
-0.00065251191299441806473
0.00013345050315519105971
0.010643484446951664846
-0.0017927542866808495511
0.018596131693425721476
0.011603565949086956308
-0.0043312618451412524326
0.0061831568029799138797
0.090715669252906264153
-0.060724789955890430548
-0.00099296016598993011408
-0.53200932636933317976
0.18285525323802495623
0.10352567199280007793
0.11163927508952402323
-1.0174455867321754443
-0.27261854766017429297
0.0080108877200433855487
0.031013144997949097792
-0.0079011527518019451788
-0.0014202397424824654906
-0.0020044546731853478752
0.00017248482478767252391
-0.0013207432138610088537
-0.00081370941574815120866
-0.0062432212786531649656
-0.0012692258608500734274
0.00086079621631780399091
7.2126653486267059486e-05
-0.010384033562749427765
-0.0031153166014128439235
-0.00042796907206310688719
0.0013176536246082371038
-0.001819106202285440373
0.00052263025938662042037
-0.00089261448187844157076
-0.00095269955131474710376
0.0018261139363615259447
0.27147671688909780219
0.11685492333928690356
-0.204700268961878179
0.066993926849827023506
-0.041092394106535520826
-0.0483412651503070806
0.0017915223789848368219
-0.031949581865306275752
0.008341890601443484668
0.53287113808766672918
-0.18473280482171758332
-0.10304043612752260273
-0.019124453433070905117
-0.025890926859067332766
-0.039203281044960555657
0.02475675184320086028
-0.001020526686464665175
0.029078753440018045157
-0.024445105881271446402
0.018584894007256720638
0.0054509834601903003198
0.029906698251095435032
-0.050467116038416588719
0.038683877184105645852
0.026694061052916148724
0.008834689484865381956
0.021224801099500402446
0.00019852653930147587586
0.00050858140815554302942
0.0009131052201502921949
-0.010883930940098766188
0.0087379380238706231415
0.013791882195996736302
-0.019680351168173008947
-0.022716353656499006092
0.010572120593590148344
0.028467863311939057419
0.0079720335628055537941
-0.005775964504516626144
-0.11336696871701529288
-0.088234818103873333128
0.35530054697794849483
0.041078151015132860491
0.022416453856676388928
-0.04365564060831390869
0.23278889417298723186
-0.053684377839781548258
-0.053520930182632223127
0.0091624976502020383934
-0.017142147884379538292
-0.00093119277866014001262
-0.015725749131245032875
0.025202827435926469096
0.012483924544266875034
-0.0012745502368063982204
0.0012633556288181504047
0.0047160887381688986267
0.0001715897748528590267
0.084457987703385847822
-0.0042975794041598298911
0.008795481697620510797
0.003105877669900351714
5.3892176592931689068e-05
-0.0019496924497312227969
0.045344962741355451796
-0.049485795978226193581
-0.0091672918132664829582
-0.013778535074466777971
-0.23978298481810772502
0.029561822156907356651
0.029546703068279014937
0.068705702189921280532
0.0011680972731512558396
-0.0027781403620616195241
-0.0030839157849270612891
0.012328617156905242319
0.0022343574470452655725
-0.0072088042721712864563
-0.024984519379583031845
0.042959167717299732991
0.0096778088890771447883
-0.0037635804052558912217
0.055067407389386924255
-0.056895576293628340181
-0.12765761965165928205
0.097959758221082660068
0.080717744201281138583
0.010622058708721481002
-0.21105705000904936841
0.15491799463390545921
0.017946842916263066464
0.020456271400861623239
0.22753863818634043059
-0.27340278008036061896
-0.23203677580467513275
0.083802723472527179682
-0.029430608939644602173
-0.019406551553909662244
-0.034950658913759619084
0.00030904288894145293207
0.0018698185650378557846
0.00091413816966794396879
0.0015181355123920531498
0.00056246702728407623698
-0.0013704663919439342111
-0.026022962437493701165
0.044243654235956574039
0.03548777828462439804
0.081080265162431844339
0.15582665836673670334
-0.092081657699805696815
-0.00012865910772335312174
0.0017160549123438474488
0.00032601047611691494083
-0.005215041901383882586
0.017863687653353568785
-0.0089838637230766921898
0.00014592416801245479993
0.00015264255423104596508
-4.0530295734915919282e-05
-0.053515896737227522384
0.0040879872538397863876
-0.022943856641232576038
0.019801706690389928034
-0.0074056003232653025772
-0.022556496828135312593
0.01422643726582414718
-0.017650148724087374313
-0.004477506457032722452
0.039373842522422430878
0.012174518676213490209
0.015622660608337557431
-0.023697532427798560783
0.0085102060159148694429
0.021267165703853830455
0.016005276105727342384
-0.0023255968219877075874
0.0049658049070043135467
-0.039365920874230971027
0.033404739386659304534
0.01735714783497461014
0.001473974530113505467
-0.00032964178489627366441
0.0024410324391912099733
0.013961132446835403109
-0.0058591332935304506896
0.0063334321737931438892
-0.023192479249249157991
0.031493637922017030106
0.0037073069793904906387
-0.02840695873772913424
0.027904352953209213273
0.053057334065241157361
-0.0070354832385522260776
0.064046162728564351441
-0.0083448927475468434589
0.00091972782322504126155
0.0050932371303646405483
0.0053635804710841705409
0.018163075215105014409
-0.034423494912271430934
-0.031738338722948414294
-0.0084382101300962426144
-0.0059995938443877039684
0.003644816385065928737
0.018923482282823353429
0.023438718582567900917
-0.039339752246598316821
-0.10754639171787391816
1.0111035714209701819
0.28203687134347960042
0.040166732921929210187
-0.036333073998486779821
0.039147044367147922073
-0.057927439261711802243
-0.022298777599334369121
-0.051848899579764219647
0.0001173995999925032637
-1.3728654775194003057e-05
9.8326251120542810581e-05
0.066371073949093015165
-0.011145286296361026773
-0.015500213383066631032
0.016007331047723758616
0.035494729306718264539
-0.018698530902178042007
0.02871862652328754581
-0.04716038656082630065
-0.0096228733440845131558
-0.0010586446664447440869
0.013645391724597144209
0.0012970103949523437495
-0.00055929102995629824749
0.00059276804787706074192
-0.0020065794435305153547
0.0010765830514612249186
0.062986138727352661282
-0.016302647423970278995
-0.090231129070921234359
0.024866007084734863958
-0.096488891890664230111
-0.0056444221757647513454
-0.0059452201239146582404
-0.011579870231342785994
0.00022672282156923663499
0.00011707528154192367185
0.0010546875909645968186
-0.0021746478668570662016
0.0072377950345606009014
-0.002639707603712155605
-0.21053969359140350948
-0.12825481189884616051
0.23141181094376783722
0.069588018514143715199
-0.026138732427294711358
0.028575719115978674006
