0.093141532827004450135
0.049516274959225593799
-0.0081699603251307092305
-0.071086285112302402545
-0.0059367618905826740477
-0.05767065460498008167
-4.0982192722899157713e-05
-0.00014318556141642074992
-0.00031143442282234400477
0.009382774374059729347
0.0039900701734774373514
-0.034549148462519475855
-0.00045298079363199309378
0.000789302087526797631
-0.0012616483081423187154
1.0897778793617716175
0.90776541009074773747
-0.32030061383633046113
-1.0985905531803690227
-0.86112366164421372261
0.29615992767365867389
-0.004082255514078098578
0.0028366518247775842666
0.0013091233253015685956
0.61127726447649988195
-0.027144550669091001283
0.69449807136157504228
-0.03664870838247631657
-0.0015493920550269909067
-0.0062772573795483576492
-0.00014767156230490840856
-0.0097202830337122445026
-0.0073136774296130588682
0.0043493755111920912038
-0.022070392570656374026
0.13540319345324128286
0.00081720278189486206168
0.00020048318120091540855
0.0053396941495654891979
0.0003848746351746015564
-0.00012392093323645655707
-0.00057437500104370040662
-0.00043554711580038669083
-0.0004521189040656812012
-0.00040418092587921723106
-0.00012448821151992502023
-0.00018259346336497401316
0.0001333615305190371744
5.2032519196171602999e-05
-0.00210770574723569094
-0.00092735025906821985566
-7.7120612820647343436e-05
-4.8701360442687856387e-05
-0.00022068506198835949219
-0.0119519129437393231
-0.0013565027036947412478
-0.014927699439622129501
-0.019888567510993479526
-0.029569951766938506327
0.019531335279451514375
0.031637183575388118373
0.0075953923307061120898
-0.033486897020018439874
-0.054528006381342621067
0.0069081186570456179843
0.00087693257622481458023
-0.013613482618316598977
0.012230637088386149894
-0.02262088505130381566
-0.031792658884954388965
0.023549734354371552186
-0.00012717121664619662107
-0.056007465223626373696
0.057483695956612214373
0.066367473971682730549
0.00059485085686242678178
-0.00056846680517199559349
-0.0013095703494665801581
0.0029344200576306538053
0.0082377508608397348455
-0.0015920214535297245138
0.00028561246956638217196
-0.0046141321076755255695
-0.0019841535121841338656
-0.024415989775566616926
-0.018005181388419336935
-0.0059237543126406042027
0.015458359677579429706
0.02283367591963574722
-0.004157839505382884826
-0.0042592104754213240894
-0.015504961390806575733
0.0077593720827041738619
-0.00043866157774545631431
-0.0066363600336670908186
0.0038228368282298475812
0.028516748340147762136
-0.012963588446561757905
0.0065899911749014491308
0.00096009244241277043579
0.00068196537896826148282
0.0024408422842906478054
-0.034818911450206151137
-0.015544077367288024541
-0.014515285120378147721
0.00054329410619473881335
-0.0021134212983436682226
-0.003665452415122747408
-0.00078026665403264352724
-0.00072658610549014806916
0.00035053212837415887544
0.044868703805057509604
0.015212373073071725274
-0.045451401925123320613
-0.0041500832571831876641
-0.0096357365101606227281
0.011446763537367675087
-0.0011878469004186994508
0.028224874473014253257
0.048060924618146386167
-0.0038434356603516306623
0.00024519771993299766108
0.0003373830864198281267
0.01141170927207368728
0.0045166924391375927114
0.08108577170506110765
-0.0011937577875571678526
-0.0024120884122454016099
-0.00023591692642548680323
-0.056364100664975609611
-0.027569420787579051318
0.0046215361953893530078
-0.036351136282901458374
0.0055718825700706853254
-0.0052592634270536616631
-0.013378797797790505097
-0.0019183492188132840808
-0.0001350500765185732731
-0.060274839158075251
-0.027369805877086560153
-0.018474509915313807457
-0.0075016847073806390903
-0.0099476499413116321879
0.0088041018730693511307
-0.00070479419596133018565
-0.0039855849776396362616
0.0013620172126119086363
0.030696214536299760989
0.0074584037286062904865
-0.071879167681247871369
-0.005322421320327364383
-0.0081089469862275151413
0.0039513797713518665836
-0.00010734002902634457279
-0.0089702750454823971388
-0.0020581066131394138916
-0.0011880625508689881577
-0.0037718096129037616965
-0.0052944082675107726615
0.0041242539238321310538
-0.002630629263161804194
-0.0026844726226281302901
-0.018014673681133019922
-0.020318960669341971231
0.014923971993541724004
-0.054337604046833347382
0.01485581766771351675
-0.041743002897253689287
-0.071911081934862439158
-0.007655022988231665812
-0.020529338439561239243
-0.043414566416785219105
0.018064768407646543402
-0.017188319976545844703
0.055184055542904363045
-0.0069496736064652599174
0.045665590063846420166
0.0015298156645306838601
-0.0030546695513629824881
0.00869777642515264654
6.4415773175474259427e-05
-0.0021974279962134368911
0.0013608402482185332806
0.014926314849450878983
-0.027506483374297174826
0.0075627059245210251359
-0.022086456560641083008
-0.018191992876323611478
0.01809075038665824281
0.0045582017155162265695
-0.077959534253950843463
0.080085712470377434791
-0.075288679725050447478
-0.010646103944629822791
-0.017786471849649942295
0.020580825744269802546
0.0066834347563225222216
-0.022908889459266099098
-1.1305354444093488426e-05
2.9304572075124677534e-05
-7.8290565276777708721e-06
-0.028291446716969963909
-0.01224209701085626073
0.02039586298124382302
-0.00087472920492947907334
0.00018816866945321742127
-0.00038756561934127437214
0.032070723723602451161
0.093491233253329697472
-0.026887333778604891737
-0.058569152825788839412
-0.010678334924813017229
-0.040513371152114042995
0.019638246273070380371
0.006729922001278966677
-0.0094373654535829572948
-0.010467084405042563489
-0.053076071777581453059
0.005195885544937063269
0.012125035721984317102
0.0079954328112573271742
0.0087890038900371603853
-0.0097094884891217279888
0.006985344209818669485
-0.020790197035773460427
-0.0021414275102963156207
-0.0011013646244204863128
-0.0013228966448753552102
-1.2045367919834550907
-0.17431696788406167431
0.22575196679167622293
-0.0068508838686786961356
-0.00074442502676229642834
-0.00088155343069535425319
-0.064840642358056865824
-0.065087169228322222514
0.086256247373006522672
-0.00034736696176786591725
0.012940028271888667083
0.0060850113175700609389
0.01290533882118679275
0.0067145503858726781135
0.02163038878346726368
0.00077295444047239679659
-0.0019279697329484526622
-0.0082635164088896324863
-0.0061061736641218802152
0.019311766952578829359
0.014306458414802131207
0.027131765961430638623
0.0012070774442728738913
0.00061073431267143121065
-0.00058049706492570274895
0.0028241463408149969187
-0.0019794383417596310426
0.0017268525719114256271
-0.0012107531495566812348
0.0032877723926002730415
-0.020424546290234792817
-0.001796031525686986579
0.0067927327101041943061
-0.069874452567769529399
0.014914910772235471723
-0.060796500389538168929
0.0070435457019848990434
0.006754202635628645153
0.0017476345203849893029
-0.0047673914658353357468
0.0088455338381299743189
-3.3409687833319020429e-05
0.0011792544925677498485
0.0029588476869128982165
-0.0029457539140005316834
-0.012638332314158659542
0.0014693945059665119122
-0.010727392533538019845
-0.016862553243818328985
0.05242302378180732636
0.028369543346025979241
-0.56100158390411913878
-0.043817843928932696806
-0.76400610525237777626
-0.053113714973348581661
0.0095170885617010779478
-0.014916076874311389247
-0.043186566526154518408
0.031247838880697861863
0.013991634398503569742
-0.01302867495198284549
0.021000281832517831565
-0.036801258499295233517
-0.0020758479314849183003
0.0036024754213075356815
-0.00056203628495390880061
-0.0041698930100030600493
-0.053918350385211061271
0.037211499190479162269
0.0012162159691684207383
-0.0021993912041272482838
0.00084642075105997556864
0.066935142264009511726
-0.034426870198607309459
-0.012620358317643267515
-0.052494222486260427862
0.019224660032276866262
0.021353492569018552721
0.0296124681740884306
-0.021602701512627286301
-0.016890713005403085872
4.5312765559030810162e-05
0.00025503716730454023499
0.00041375876709011984991
0.045903299302372552182
0.057066872126573985058
-0.0064461435500356798617
-0.0065208439616737251532
-0.013549869813576578478
0.028039729832480129318
0.0051635029446303430667
0.0022259702533386090638
-0.00080284313421343162561
-0.015241812626734522335
0.026382099219023777414
-0.015135620446384502949
-0.0017780879807620737949
0.00046508216374364181808
-0.0011914552986713334432
-0.01618081342387464594
0.039502838734495129835
-0.044729229019484430252
1.2720416038983490825
0.17911044720661639662
-0.028017425198154217308
-0.0032220785908573220183
-0.0042930585755069240045
0.0023827332328958516355
0.0086004779262925986488
0.052102166280341158378
-0.0046556231315667924095
0.034380352205959814615
-0.0041746963640178326796
0.0060352162888290114204
-0.031044201682961420491
-0.0086447543954099974328
0.043157210300366725952
0.011878642843229789833
0.015850165235284513487
-0.0085775102468701788089
-0.021946052789081276629
-0.011964837196464957886
-0.00081953735617605778796
0.064205039501361887977
0.066083538866733751438
-0.086997393296279187935
-0.031804566362835129389
-0.072002504434452760385
-0.2157874252062373932
-0.0068148769950237327725
-0.0032265720406037486957
-0.0054081081014565549753
-0.010534195614401064417
-0.011751135176460390797
0.018244538315437947712
0.027097854031388042551
-0.045892054062814817417
0.044304166246749022984
-0.0066181526709754752436
0.0023229509542115004544
0.011287839592902448524
-0.00057776799135685573666
-0.00038819669515268638528
0.0034776707072438893011
0.009281737751296518027
0.012560269431090427886
-0.019850649459741728786
-0.0059971339785405176903
-0.0031753725104303894521
-0.0056841043360827186656
0.014762120679053681443
-0.0074202049594479339845
0.018262425420856563674
-0.0080365091461320342647
0.0019275347617679306975
0.0011056682242381004992
0.00018082881260699112014
-0.00018405174219587969609
-0.0003601481324460051401
0.035800155041346058693
-0.04924718780344391339
-0.0062971110278390758641
-0.061450503516550930572
-0.004689414784853523574
0.0039744236969633424394
0.033170909654120450671
-0.023258178081264121312
0.031139128439506186946
0.00023294219833789339778
-0.0003218902584919853269
-0.00032053007031268137281
0.0028553146278332045514
0.0019458083000299991518
-0.0012147128480770692446
0.056183178210189331503
-0.01528904018329408851
0.014569845393530088395
8.7902652934014086246e-06
-1.597325994422796154e-05
-2.077312168612736358e-05
2.9011215847311694305e-05
-0.0020287499599407825095
0.00038991710926042144397
0.021413023115257778795
-0.023361775793689941449
0.0058297116755811791144
0.027315787054250161014
-0.05170937698881274136
-0.042511368154056941582
0.034977781396011931037
0.00076539377382180053683
0.017821030721466329244
-0.071070289164782737834
-0.0049584615245612615603
0.043351074778124561171
0.035646525190052492926
-0.0031802405957590024373
0.064183976813428134101
-0.049072170477512250253
-0.009080819717220399781
-0.029611143941366730586
0.004857409080035669964
-0.029239064368804631305
-0.012884346078057834148
0.0052005933471406277577
-0.014789076862178103175
-0.021807326266874964976
-0.0062472923407619531527
-0.0088711720252954897464
0.040163096207987393493
-0.045169826735970405873
-0.025318182146336715155
-0.016881401400727375633
5.526428903555431841e-05
-3.4590909439768005953e-05
-0.0009038494784838888756
0.0062626684505705581749
0.04232026623690190309
-0.062748567227436075067
0.14242030682927547813
0.020234560044225861214
-0.32390256326678451559
0.27795814454460882059
0.19828224725500540049
-0.07968166083934669075
0.0019832696575996415847
-0.0011283895797028044641
0.00059656056550393262924
0.0021468236255871206951
-0.0059688180210337796194
-0.011483471981358676917
0.0047919726340459193117
-0.0048119433347726670025
0.0021526498929618246778
0.019092113485278477958
-0.0024175220694031473653
0.016514886769039196363
-0.0014997126500947185589
4.6330408995359219045e-05
-0.0017382184271062194568
-0.024380036005500496654
0.05448568832818944524
0.032989946995873584146
0.00048112765540885672018
-0.00065568292973721970917
0.00013456618062656838862
0.010644341786546562129
-0.0017938554577420361309
0.018596662050744262873
0.011604890359567070213
-0.004332727853054259802
0.006183299573380179881
0.090716469360727511329
-0.060725363681557016637
-0.00099306462897150757189
-0.53200500438706954665
0.18285046419566397535
0.10352744541887100305
0.11164298066990907543
-1.0174397062606734821
-0.27261303228312844249
0.0080117640381378567999
0.031013034151383938458
-0.0079009059843874081264
-0.0014176767403607619389
-0.0020060510516892735358
0.00017227916281329719523
-0.0013168543064960365647
-0.0008152306748290324024
-0.0062410324993913881414
-0.0012688886643670970605
0.00085870554332372658456
7.3546688447981162511e-05
-0.010383575614162969536
-0.0031167887282332880187
-0.00042812809253438380589
0.001320298158546778268
-0.0018230622430830138638
0.00052221934388852224093
-0.00089247176068870141472
-0.00095655619760342744384
0.0018259548633384097352
0.27147340226586724743
0.11685198327607945745
-0.20469597085636617728
0.06699288068087300152
-0.041092681014656184946
-0.048338565844809833205
0.0017916254390575377543
-0.031949746083736178803
0.0083412859699551096526
0.53286942639994006043
-0.18473536114320943113
-0.10303760208323624326
-0.019124301559847935172
-0.02589176779360079228
-0.039202790833046799457
0.024760131818353906669
-0.0010190084512132343772
0.029079559708820115066
-0.024444329504961836985
0.01858524020436685964
0.005451161381952593192
0.02990756203410688957
-0.050467434857462918629
0.038684575550136796052
0.026694614005610357854
0.008834132525615238582
0.021225038474472997241
0.00020209566365496267246
0.00050705854505854344814
0.00091380752116259538007
-0.01088386344782519416
0.008738489041449939293
0.013793875765100924169
-0.019679754582572473592
-0.022717452686983274912
0.010572420043075540438
0.028469791361049909956
0.0079730145922668679836
-0.0057776651417886723539
-0.11336281645647171279
-0.088232961506225865422
0.35529234154759181674
0.041080539799019634428
0.02241574988666004617
-0.043658256630544053922
0.2327892919341077449
-0.053682614792796019831
-0.053520424100996846772
0.0091640592118615322309
-0.017140956600440307445
-0.00093174074554193506582
-0.015724806188413452401
0.025204740763685038601
0.012483360689821799278
-0.0012734753425265887307
0.0012666311598883192146
0.0047130846461554626661
0.00017132132931872487273
0.084459519212204431371
-0.0042976678850201524562
0.008797796849977177272
0.0031061204805198036095
5.131446108886423028e-05
-0.0019489752107194368343
0.045344618698822336533
-0.049486165208925597669
-0.0091664516170053347843
-0.013776862177680652272
-0.23978709229428016303
0.029563034256363553837
0.029547478589042677766
0.068704898147407822417
0.0011693110552084768142
-0.0027756266738863583955
-0.0030874558659448113167
0.012333477498193738675
0.0022356542758315708051
-0.0072091859024526906002
-0.02498449551695510612
0.042959680038060513163
0.0096776964568184506432
-0.0037623063389312229148
0.055068552855643680688
-0.056898194562075378455
-0.12765687360657110294
0.097960560359433762612
0.080717467030164372077
0.010625023931254556908
-0.21105294894447126919
0.15491750863946690542
0.01794830353556534433
0.020458039571383229704
0.22754074157165926628
-0.27340565672030403555
-0.23203945082047511272
0.083802074592616973558
-0.029429690295276197259
-0.019406664043242941031
-0.034951930386440274723
0.00031200491997525841128
0.0018730080722737579499
0.00091452879032687204447
0.0015215479144400655999
0.00056506918365865704216
-0.0013710791528718500355
-0.026022103984007140948
0.044243737992835291406
0.035488058596613060447
0.081077587897730812871
0.15582419042367123829
-0.092080344136267353039
-0.00012807674860916909172
0.0017191415983113748217
0.00032504530843433822578
-0.0052138468231391664823
0.017864998305394001743
-0.0089854438453108517737
0.00014848289522864004455
0.00015889236094967341224
-3.9144887213744566001e-05
-0.053515883719706350274
0.0040883749960328192447
-0.022945977122905081291
0.019801626031010714085
-0.0074052116402001880863
-0.022557132961186523307
0.014226462664007691328
-0.017649591232009757824
-0.0044766977658559185815
0.039375891106313405665
0.012174102537494473422
0.015624900657231197143
-0.023697744668833224668
0.00851086728320962424
0.021267932550655052615
0.016006285266158343933
-0.0023256511372153894184
0.004967577408157953546
-0.039363756631579330247
0.033406504874411817319
0.017357535505294102024
0.0014754718214101954048
-0.00032539066576173274409
0.0024434176731526562575
0.013961644370308700855
-0.0058582930105700479692
0.0063349462887499112876
-0.023192826200344397042
0.031494478044802202976
0.0037074654877042637589
-0.028407010980504035502
0.027905289361792904451
0.053057798854765615693
-0.0070343170464363018526
0.06404614355926975533
-0.0083453013268454806495
0.00091970344315924824376
0.0050930749137065604512
0.0053661017976693696496
0.018165857654676504512
-0.034422131140926466586
-0.03173805652263932825
-0.0084344840770702259741
-0.0059985271290164347141
0.0036448716532338763276
0.018924449269823104269
0.023440789684269557752
-0.039338069460966691715
-0.10754100636226419929
1.0110947162238668184
0.28203843402229566983
0.040167850985167251332
-0.036331562329870996375
0.039149479760198058198
-0.057927110192012312706
-0.022297355525326793824
-0.05184893503156309813
0.00011983679275613505228
-1.2798842922841428788e-05
0.00010385081123182322957
0.066371067625351512498
-0.011144878366984335705
-0.015500012720420786039
0.01600916286420732762
0.035494364033003822367
-0.018699827747342384621
0.028718822149576724023
-0.047160206787546128659
-0.0096229990955660638791
-0.0010568441066468147859
0.013647330722845097198
0.0012968577770054985718
-0.00055842125836950387736
0.00059712662394001891561
-0.0020053074724940096393
0.0010771701184976681821
0.062986158812890616354
-0.016302279376707033004
-0.090231786750496173477
0.024867023355390371897
-0.096489277382189639343
-0.0056441277104225381564
-0.0059450055340625890254
-0.011578426410183884424
0.00022756894645760400832
0.00011823211476969521471
0.001058695435138186456
-0.0021709338217413931375
0.0072375301388387198662
-0.0026368012880173012299
-0.21053339865248757445
-0.12825248406612130281
0.23140771974766166652
0.069588365863980747306
-0.026137888925927020567
0.02857614053894784803
