0.09314158681962889097
0.049516130133434504978
-0.008169918628411229275
-0.071086787173882615143
-0.0059363491939829161545
-0.057670393733638254663
-4.1914277455794950991e-05
-0.00014162629687097054421
-0.00030783991556751364111
0.0093834821119498073444
0.0039902941156899369296
-0.034548482267759958453
-0.00045121530158770785986
0.00078762219268544840945
-0.0012586318002729549644
1.0897746862671913171
0.90776492694530253047
-0.32029784998557397913
-1.0985868764956676635
-0.86111872488443663709
0.29616072960842826367
-0.0040808473985367724537
0.0028362906618474435956
0.0013118950102531078128
0.61127453322146974024
-0.027144505746177143707
0.69449325334047729008
-0.036646677346184236557
-0.0015483107991084974799
-0.0062757340932994010174
-0.00014722024738775962719
-0.0097219448018898719371
-0.0073100117093369484933
0.004349562127665464531
-0.022069086214779206484
0.13540475112866245944
0.00081788199095598568353
0.00020073055643344083865
0.0053417012606847011705
0.00038494871947425618811
-0.00012361155782301678813
-0.00056966225756279798877
-0.00043109517852931859882
-0.00045012543968218622593
-0.00040331055875883215769
-0.0001218360299782791944
-0.00017767990556024875338
0.00013351136008406513434
5.2684241801604793213e-05
-0.0021066157008253981985
-0.00092493455545009377501
-7.404083752442130518e-05
-4.3539439434944647502e-05
-0.00021884073044296580924
-0.011950845519640084305
-0.0013562414486497456102
-0.014927111242323242921
-0.019887800700731005088
-0.029568702345952806859
0.01953190375008650656
0.031637862159752790092
0.0075964820869400331849
-0.033485983723504898768
-0.054526955386883027566
0.0069108948867637343821
0.00087813148366389060743
-0.013612540841025736263
0.012231596928703470858
-0.022619713471164926144
-0.031791821078596273209
0.023550739258874749116
-0.00012699882051407591953
-0.056005575536719469365
0.057484001101574304371
0.066367364188917962742
0.00059446693931438981603
-0.00056521173930282580643
-0.001306364749638509867
0.0029347691888324521116
0.0082404038986155329904
-0.0015920904936051923084
0.00028560985505029270462
-0.0046133587198152288186
-0.0019840273725010371467
-0.024415448313778152084
-0.018005041909678880241
-0.005923702521241087926
0.015457889967366284997
0.022833798349916660519
-0.0041570536342427763174
-0.0042573269233226471511
-0.015505647034597546188
0.0077603888526853164603
-0.00043840219034694410689
-0.006636002860167337751
0.0038231360202677735528
0.02851828732025064525
-0.012963067065060267929
0.0065899872327999054963
0.00095899457858515853043
0.00068391706124848895137
0.0024364944903908776312
-0.034820097873267265298
-0.015543482019433344649
-0.014516943331182405319
0.00054349964193333810507
-0.002113128441702583505
-0.0036662767554571287082
-0.00078043803120671933517
-0.00072366533760733365438
0.0003457817245702148371
0.044869290996147365158
0.015212377221713908534
-0.045453048560253318799
-0.0041486804961506926551
-0.0096350111801135583656
0.011443815839712300972
-0.0011867568841734605408
0.028225934683231441308
0.048060147135612428515
-0.0038396005120293944489
0.00024674819657430130046
0.00033642254850110159259
0.011412715153917694921
0.0045163732500346715285
0.081083169925112802412
-0.0011900196678907533961
-0.0024092894161907413807
-0.0002365771388555103097
-0.056363028735099268696
-0.02756932024017719543
0.0046193730923875147079
-0.036345909252881482276
0.005572332818968682086
-0.0052601210080079679673
-0.013378370319673369912
-0.001917240287741078103
-0.00013689885025358082874
-0.060274225638910307323
-0.027369145672742799941
-0.018475421548399196398
-0.007500001166202324536
-0.0099458503677120821407
0.0088027039429502008244
-0.00070298617784286571326
-0.0039831159229999661339
0.0013614590619599028967
0.030696875390075217122
0.0074601935385399014214
-0.071879749395042658033
-0.0053215816615315445284
-0.0081051047743288771874
0.003950997324493971119
-0.00010637910711242505525
-0.0089680416933999619611
-0.0020590101880406633424
-0.0011859103226750183045
-0.003769829630791419247
-0.0052943001981283913451
0.0041233763319479602161
-0.0026260176164237388971
-0.0026837805450926344175
-0.01801412421963514976
-0.020318553678176927424
0.014924216834830882072
-0.054336597648723790333
0.014856874933036617534
-0.041743486873168249296
-0.071910674025275622689
-0.007655171994925535732
-0.020529477528587445484
-0.043414192143414645497
0.018064382397959200671
-0.01718851477250674803
0.055187304094270556165
-0.0069482758979434585886
0.04566595295271807381
0.0015307931595434579996
-0.0030521662441250615658
0.0086960587896225093052
6.3351816256209701815e-05
-0.0021962592870109036436
0.0013595290575107265955
0.014926867894059661288
-0.027506020614353480364
0.0075607348911273719247
-0.02208610596102438331
-0.018191491922118566138
0.01808995344350827067
0.0045584039745033607532
-0.077959502472853367538
0.080085341764089823524
-0.075286002470197968539
-0.010645505939486632138
-0.017786401690706617196
0.020581119551527065487
0.0066823232678890611899
-0.022906974429902349916
-1.0553196054130194371e-05
2.2932107871917216049e-05
-4.1200700739782882399e-06
-0.028290816136441646056
-0.012242934937379008203
0.020397108548942232548
-0.00087488387294610571975
0.00018559233975895108389
-0.00038598585459971264996
0.032072105109766275988
0.093490843824651864713
-0.026886983866225420969
-0.058566985476045413384
-0.010679863448009380839
-0.040511852465498640607
0.019640973205356845183
0.0067266090448340901467
-0.009435757787744499317
-0.010463295333088946243
-0.053078861190153057981
0.0051947629747677399534
0.012126104860173439817
0.0079941824062080939217
0.0087899273080341046305
-0.0097092807682810661901
0.0069842672911160710858
-0.020789281570413951916
-0.0021375708054915750107
-0.0011035991250572993981
-0.0013213232453498141485
-1.2045282328741235833
-0.17431596593845755105
0.22575091027282415124
-0.0068473330297035544384
-0.00074554879275467826616
-0.00088081452322538028588
-0.06484077433068075047
-0.065092615804472175878
0.086256035207678230514
-0.00034530811949064888324
0.012939087035372078688
0.0060854226073832661317
0.012905392672252141012
0.0067136245476373812568
0.02163086569530390732
0.00077392402365974131973
-0.0019278697866341953059
-0.0082602282098890311701
-0.0061059202062175672518
0.019311383989914041037
0.014306823871229421702
0.027132932264146664841
0.001207950618677165874
0.00061193345956506639202
-0.00057749847251925979629
0.0028208194468713801949
-0.0019801049011300350666
0.0017290548267627134631
-0.0012131286924931669255
0.0032883029174011943994
-0.020421035866294491579
-0.001799299908596604285
0.0067941359310916063508
-0.069873901401984267467
0.014913966894859125023
-0.060796253741738637277
0.0070435366047367021017
0.0067523027916641621335
0.001750331233493620858
-0.0047665596068784329975
0.0088429024053933019678
-2.9659200399146585831e-05
0.0011777213850966573166
0.0029543153015665121058
-0.0029414385278463488736
-0.012638156458867349716
0.0014698261470610031638
-0.010726291215405891685
-0.016860487843301016214
0.052421960342341616945
0.028371244304725398017
-0.56099585447343747191
-0.043817598846052151218
-0.76400070872547454215
-0.053112943914889854113
0.0095170138119007215149
-0.014915659123885189816
-0.043187365723196875777
0.031245917256024741127
0.013989501757279629302
-0.013027605274926789061
0.020999107325304060961
-0.036803031429747147529
-0.0020733799483919376598
0.0035981143405210036686
-0.00056403901221744603359
-0.0041697034368271502711
-0.05391866097039973299
0.037211158350936759942
0.0012184393436521275683
-0.0022016647710644109831
0.00084536136527595486835
0.066936480923085420192
-0.034427845143568433506
-0.012619020508998188973
-0.05249317843057791505
0.019222641377061599338
0.021351139827875779964
0.029613588403066031657
-0.021602163188199505206
-0.016890441277645239226
4.5863322110048877279e-05
0.00025149848495739532362
0.00040901282767848959505
0.045903510481106697683
0.057065176931133478055
-0.0064482234690002781727
-0.0065196250970608821476
-0.013551205256433010438
0.028037852725464267045
0.0051644399515592669808
0.0022225593884296727942
-0.00080456372146884788145
-0.015241440364911408578
0.026381007559876500784
-0.0151367845952295587
-0.001773809320677703031
0.00046555863778901358189
-0.0011910136837775286197
-0.016179843778836102558
0.039502304733454125796
-0.044731155447131111524
1.2720335184278979135
0.17910931656078113439
-0.028017228725796882588
-0.0032202812766723310639
-0.0042960736197086481919
0.0023808105023033700361
0.0086043102232083307213
0.052100362757083046317
-0.0046568014609263738007
0.034384517729951109832
-0.0041742160266399997923
0.0060343308694545188739
-0.031042015665528964463
-0.0086449734292168203126
0.043157235861301275481
0.011880593135849579906
0.015849967120658142727
-0.0085781842975756767561
-0.021945366702889285843
-0.011965450249135738819
-0.00082041397134817613517
0.064205948625194103618
0.066079254602794068596
-0.086998977393060214491
-0.031804269194371785623
-0.072002406688029027548
-0.21578656443231641893
-0.0068133148268367275599
-0.0032259977271303762886
-0.0054099946019682378442
-0.010531718059884247543
-0.011751135082269359086
0.018243374296462611106
0.027098082306023712346
-0.045893493714003759376
0.044302229155784203507
-0.0066163219337233578413
0.0023213328227888892739
0.011284554083431956248
-0.00057527356379993323243
-0.00038662969701093349547
0.0034764739146416153738
0.0092805191143671365156
0.012561140051282492294
-0.01984977349957559728
-0.0059987072333006772121
-0.0031752674519995196904
-0.0056814473141271323517
0.014762149067174629158
-0.0074197838564922097282
0.018262722808126199969
-0.0080374853653708989293
0.0019292845091814162916
0.0011058624870249433685
0.00017866658222025013389
-0.00017906099448920833315
-0.00035826343397628708466
0.03579847942060324778
-0.049246487613643842585
-0.0062964061164945944044
-0.061451387061147146051
-0.0046886897943250365264
0.0039754107772241187996
0.03316956346049331622
-0.023257379249408093036
0.031140347883656559896
0.00022855298855384460766
-0.00031904163532681041777
-0.00031908613525186022225
0.0028515269326477273373
0.0019471175757829048067
-0.0012141810905895275736
0.056181569980504976469
-0.015286697647096794683
0.01457032214012207727
5.9527149331658503733e-06
-9.5815921055672574727e-06
-1.5976361321001344903e-05
2.8393042349819215623e-05
-0.0020265011827874496696
0.00038933821390507093426
0.021411013531911781554
-0.023360943303561296225
0.0058315173809493090276
0.027315963102862692718
-0.051706155979139058199
-0.042509721458785718062
0.034976452739794362812
0.0007656821150734645972
0.017821428380171280142
-0.07107050941282298806
-0.0049577117354118963727
0.043351295528775701804
0.035646487763952336425
-0.0031772919528485943537
0.064184970380900124853
-0.049073200174332677614
-0.0090799513056190484656
-0.029609170351727026604
0.0048567156679547810599
-0.029238250395480672866
-0.01288424359528849393
0.0052004819615409847086
-0.014788587050206945112
-0.021806570356668351918
-0.0062467199628417355642
-0.0088710345261867346728
0.04016292900822131251
-0.045170926598444301192
-0.025315872101210494527
-0.016880816922998507362
5.3881220584025046113e-05
-3.5280990121663478257e-05
-0.00089956549825488197128
0.0062629679057297302919
0.042319991760957402505
-0.062748123471902034209
0.14242150473987974513
0.02023427540729037799
-0.32390513747843230341
0.27795816845245613358
0.19828238551442728399
-0.079680016464211814164
0.0019815063969142727822
-0.0011256214585909681946
0.00059313461054595975359
0.0021474507124933763305
-0.0059676212591019102763
-0.011484689199340317872
0.0047914282511192698294
-0.0048111698074701746142
0.0021497892093731529699
0.019092640067526481934
-0.0024163060161271031345
0.016513069350552894016
-0.0015004044853699804226
4.8131834962518054756e-05
-0.0017408220798232698981
-0.024380079307125317178
0.054485880146819348768
0.032989575835261734926
0.00047575898545051947949
-0.00065251279271218327882
0.00013345086154628317239
0.010643445639758655416
-0.0017927556720891792749
0.018596085911031682431
0.011603568535704414724
-0.0043312686673068340193
0.0061831511813015428008
0.090715473877495178545
-0.06072469006161946431
-0.00099290562446042790121
-0.53200522450497755855
0.18285384020668496441
0.10352487446202859878
0.11163925155742837614
-1.0174453580608522341
-0.2726184819714877472
0.0080108906287215519287
0.031013163473152669664
-0.007901153493218049037
-0.0014202454122428961707
-0.0020044592030074846224
0.0001724885051203464215
-0.0013207426993084754596
-0.00081371022862270815396
-0.006243219126263751563
-0.0012692253143913557415
0.00086079459170411139288
7.2127822136824827799e-05
-0.010384025558439414355
-0.0031153345382727783315
-0.00042798309376781583022
0.0013176532667138556552
-0.0018191054698620445686
0.00052263018097969959896
-0.00089260204583995101952
-0.00095270611395484338692
0.0018261053985970010678
0.27147227824316522149
0.11685239070527798921
-0.20469630985208892016
0.06699369691468967658
-0.041091855029901404317
-0.048339905616447423342
0.0017913382077562238579
-0.031948492044461034023
0.008340506525477086458
0.53286703561830395248
-0.18473139109232769584
-0.10303963865297140201
-0.019124330791377288502
-0.025892047253538098134
-0.039202069825298835326
0.02475684239057945879
-0.0010205398119943541284
0.029078838489684694785
-0.024445087722405386271
0.018584869053114221743
0.0054509836946160170057
0.02990671755151527722
-0.050467168679479562643
0.038683931218359050852
0.02669416575899325253
0.0088346785924051842581
0.021224814074495130384
0.00019852555704874538865
0.00050858043885660905205
0.00091310380758099878029
-0.010883921444215865007
0.0087379141569024314229
0.013791871087985466821
-0.019680335882555303334
-0.022716346656862413528
0.010572242181291491292
0.028467874135145010417
0.0079720578795082330109
-0.0057759921438042529859
-0.11336612122481536102
-0.08823444220248483072
0.35529859309490546826
0.041078150745331373783
0.022416452433545376588
-0.043655641574165106322
0.23278826805886559947
-0.053682437629215720709
-0.053518992659081256191
0.0091625204413222638422
-0.017142200964514530542
-0.0009311981040855818936
-0.015725666063093786395
0.025202735624845370305
0.012483831882472946201
-0.001274548312436802255
0.0012633571687503638344
0.0047160834233753428507
0.00017130615430064658985
0.084457710727490059588
-0.0042977692473623848105
0.0087954844225622309806
0.0031058801610434035381
5.3893947955925311879e-05
-0.0019496236870418471795
0.045344955113362658827
-0.049485780397496473282
-0.0091673956711611423454
-0.013778422482520926232
-0.2397829153902967525
0.029561985671213666937
0.029547007312202114987
0.068706005437383171897
0.0011680985553194451684
-0.0027781377671026426593
-0.0030839147583800927653
0.012328585765830209556
0.0022343514218921786164
-0.0072087857593237172904
-0.024984520595678842703
0.042959171257510864184
0.0096778201583046195855
-0.003763578690901219978
0.055067389770588510978
-0.056895547313073217832
-0.12765608313382734162
0.097958351012656472157
0.080716577450377816061
0.010625519849580709539
-0.21105277049394299826
0.15491654195733436938
0.017946835343035705268
0.020456234843344238417
0.22753859922861119358
-0.27340684015792177108
-0.23204043555510600605
0.083804454937875347276
-0.029430907605947655842
-0.019406594372189608227
-0.034951074314517487085
0.00030904291681352298116
0.0018698202109460422202
0.00091413738487910989848
0.0015181339965190171135
0.00056246707095856766923
-0.0013704660780742082115
-0.026022802651128655593
0.044243774656011848612
0.035487847558898763523
0.081076659484807189759
0.15582234559148516739
-0.092079673746239112941
-0.00012865870517092902847
0.0017160543452396099639
0.00032601096938424459215
-0.0052150247558575384133
0.017863690276766153175
-0.0089838572211265801948
0.00014592501038140866026
0.00015264529882213026145
-4.0529549351790671843e-05
-0.053515916586950186551
0.0040879875477057795591
-0.022943863482653287234
0.019801767920672491002
-0.0074056157901563942486
-0.022556568416408736416
0.01422640226252447869
-0.017650150566304277644
-0.0044775662027375321556
0.039373848372649303262
0.012174520455092130086
0.015622663168060659314
-0.023697462093413765305
0.0085102953744617751419
0.02126722458941528171
0.016005326612711454765
-0.00232562011712646741
0.0049658131759453818729
-0.039366055453160034294
0.033404849421319889047
0.017357139116698869913
0.0014739737564612982821
-0.0003296394360858170944
0.0024410309287592928465
0.013961160929079631174
-0.0058591300721422719111
0.0063334436841424226333
-0.023192151041158202973
0.03149353751789413236
0.0037069751502712628213
-0.028407066065496991425
0.027904367469632082588
0.053057370549096267986
-0.0070354782667751795955
0.06404613689929228304
-0.0083448926646884288849
0.00091972315761631204083
0.0050932340232024697624
0.0053635811711647872826
0.018163101182463021327
-0.034423584873812827778
-0.031738450558923707312
-0.0084381798766799270828
-0.0059995836820617449298
0.0036448041555953432195
0.018923482952140982527
0.023438719508044526807
-0.039339756004019760249
-0.10754636748816850944
1.0111033427751972003
0.28203680553192750358
0.040166756120716164136
-0.036333047991264154353
0.039147071267074305678
-0.057928319743438420886
-0.022299295675563324259
-0.051849706819345517395
0.00011739981209759842932
-1.3728394480532979407e-05
9.8327001906129912561e-05
0.066371127735523172131
-0.011145316270501630374
-0.015500233640571502505
0.016007352274296934858
0.035494734851131234943
-0.018698468767619619985
0.028718633042126077287
-0.047160396544255522855
-0.0096228754302688807726
-0.0010586205200870781387
0.013645412681958702175
0.0012970665448744647056
-0.00055928970760460352402
0.0005927678590052661272
-0.0020065769324911445631
0.0010765146843879703272
0.062986169169639269483
-0.016302670518670191874
-0.090231282769790005505
0.024865965975439469071
-0.096488930235533260094
-0.005644488478690232007
-0.0059451810337658372516
-0.011579867200659947624
0.00022672334573162168051
0.00011707574180862060623
0.0010546884089751083595
-0.0021746471911940398053
0.0072377950591863953606
-0.0026397079533217434125
-0.21053527237958910567
-0.12825229148343914032
0.2314078157430273508
0.06958809916999203482
-0.026138713910513380889
0.028575608362390928635
