0.093141436851132644592
0.049515993477223893549
-0.0081699628910133006987
-0.071086690007470532127
-0.0059363183142640812279
-0.057670376630354923397
-4.1914333401431143008e-05
-0.00014162645312244050459
-0.00030783997391398121822
0.0093834314576721131185
0.0039903662986221439049
-0.0345485758565660106
-0.00045121573730560901811
0.00078762268569413946412
-0.0012586329154308641218
1.0897710172124537298
0.90776205537531207135
-0.32029685892584941476
-1.0985832152298395936
-0.86111585265643619813
0.29615974194063882097
-0.0040808455033910957799
0.002836288930846422255
0.0013118940266972638382
0.61128313787455990092
-0.027144407025063311406
0.69450323524897006333
-0.036646616252904475053
-0.0015483095162804627089
-0.006275725293013410637
-0.00014722837935397787125
-0.0097219621564757913168
-0.0073100300547541945811
0.0043501551890467804809
-0.022069032655794025566
0.13540170429593417767
0.00081787653394951084079
0.00020073854829546000709
0.0053416902315405329071
0.00038494927823867709695
-0.00012361159545929602667
-0.00056966255273330614149
-0.00043109513972656201804
-0.00045012525695615909988
-0.00040331053910756396903
-0.00012183532551489970454
-0.00017767858411652989997
0.0001335113323241134077
5.2684855558430646071e-05
-0.0021066203285054637372
-0.00092493590316590566357
-7.4039889771174450801e-05
-4.3537342124943359024e-05
-0.00021884008004217100993
-0.011950854594499415312
-0.0013562645633024719791
-0.014927075207957737554
-0.019887814540890259851
-0.029568730180203093433
0.019531927430392101441
0.031637171133451422178
0.0075971429204954353878
-0.033486797397654755049
-0.054527496135213862627
0.0069109800538426999911
0.00087802204837060862912
-0.013612768879855777562
0.01223142305787515427
-0.022618932684321454984
-0.031791801499706583145
0.023550736465618688636
-0.00012701720059849966457
-0.056005888857812165249
0.05748488815491890197
0.066367136670509724317
0.00059446710104974203204
-0.00056521167379215632616
-0.0013063648463709056149
0.002934766235035725368
0.0082404330442509814841
-0.0015920910745371912118
0.00028562713465666314744
-0.0046133473839419080614
-0.001984018845474528215
-0.024415479449791863825
-0.018005045797515144973
-0.0059236964847188900221
0.015457896624388817175
0.022833797619193928197
-0.0041570504975028642336
-0.0042573279871237967517
-0.015505657325311610062
0.0077603999905352582731
-0.000438288280616381371
-0.0066359948610888409501
0.0038231061429284244647
0.028518146590486102149
-0.012963116172060019232
0.0065900228421817844474
0.00095899603340784316061
0.00068391706336411628615
0.0024364929619596037251
-0.034820169001761318295
-0.015543492851901923035
-0.014516966515463988405
0.00054350011487881179622
-0.0021131214770978030276
-0.003666279770059503295
-0.00078043966919606635839
-0.00072366599300582802774
0.00034578118110251316892
0.0448691959124605938
0.015212373743448451627
-0.045453042276659437471
-0.0041486777741684592938
-0.0096350126500598706064
0.011443821383056319158
-0.0011867680689825635225
0.028225924705812182464
0.048060226525621169147
-0.0038395991224511021728
0.00024675297711586389971
0.00033642355313502240533
0.011412727282039181187
0.0045164457584899843703
0.081083224249777888226
-0.0011900183809511262652
-0.0024092964280815996891
-0.00023658013944421538567
-0.056362899303984526078
-0.027569308587026181839
0.004619277297895745156
-0.036344886019655665843
0.0055721794526579007667
-0.0052599612712488919009
-0.013377844236096086972
-0.0019169699028036212788
-0.00013610312311141298551
-0.06027332174199094561
-0.027368873845984718202
-0.018474960039007743556
-0.0074999833305494593289
-0.009945826569405206638
0.0088026830022765057554
-0.00070298482274997234863
-0.0039831214119172304172
0.0013614657601731913923
0.030696432562700704666
0.0074597954680696741334
-0.07187756241799778123
-0.0053215895926942702321
-0.0081051189413517896187
0.0039510032376151435138
-0.00010637960924463667959
-0.0089680388195322695288
-0.0020590025361193592911
-0.0011859113029407660021
-0.0037698353795343596956
-0.005294311021933003486
0.0041233786993869420492
-0.0026260182309818941304
-0.0026837819612257614137
-0.01801412211074006342
-0.020318640716013070674
0.014924299230665917168
-0.05433657566601829414
0.014856845670453160471
-0.041743525213433066434
-0.071910666270863315974
-0.007655160756532966744
-0.020529454558538533931
-0.043414234172763341291
0.018064401296165700367
-0.017188530711412877
0.055186387668698419495
-0.006948512020730789919
0.045665466985583227921
0.0015307909238122228718
-0.0030521673546858667757
0.0086960538055905096944
6.3353806211233760332e-05
-0.0021962490609658191429
0.0013595403312302990588
0.014926839431486742943
-0.027506083115621051544
0.0075607614407153080419
-0.022086159764416104373
-0.018191534205898272913
0.018089963138860382097
0.0045584255239731370779
-0.07795950595580283804
0.080085312158684002215
-0.075285885015384759744
-0.01064550014812278185
-0.017786394773222784921
0.020581187238150510516
0.0066823450627454296369
-0.022907034226741139482
-1.0552029978126329932e-05
2.2927024355359237239e-05
-4.1174906826503178487e-06
-0.028290863339983318703
-0.012242953393921481367
0.020397179878418807836
-0.00087488382920759561866
0.00018559203991607315385
-0.00038598542593037054801
0.03207215135526090416
0.093490963291195008922
-0.026886979296946111884
-0.058566821832577539708
-0.010679228285912277172
-0.040511350843935353683
0.019640968722675029162
0.0067266076609373906536
-0.0094357564355379234394
-0.010463470055909350823
-0.053079870060149532407
0.0051948553717927510587
0.012126082290428554303
0.007994183831454971037
0.0087899237849321607691
-0.0097092931439289754253
0.0069842580932888351231
-0.020789293948658253003
-0.0021375697097337112255
-0.0011035992456874508822
-0.0013213261695348085551
-1.2045329589804760761
-0.17431626129100047384
0.22575312302769492967
-0.0068473214087124371213
-0.00074555177611089918505
-0.00088080664197222931916
-0.064841473581394179493
-0.065093327956750643426
0.086256975455780524054
-0.00034533054449549391513
0.012939106377036772161
0.0060854152742028369202
0.012905395051485904143
0.0067136202627490594932
0.021630873753203529175
0.00077392418110930122008
-0.0019278690364983635998
-0.00826021851907094741
-0.0061059485920346642795
0.019311382916852488228
0.014306870522007792204
0.0271338000358171752
0.0012074882830644339225
0.00061190652828378580899
-0.00057749976694692218421
0.0028208271860474831184
-0.0019801110313275084064
0.0017290501784249841938
-0.0012131280629526159428
0.0032882981184211264661
-0.020421024167002171934
-0.0017992987837207154514
0.0067941390280486383194
-0.069873602634114545529
0.014914288207547048495
-0.06079604988875400573
0.0070435443755319879916
0.00675231292656395133
0.0017503446502349119529
-0.0047665595581487746682
0.008842910069720995303
-2.9655299289184255842e-05
0.0011777214486351210865
0.0029543155538845817555
-0.0029414380741367919699
-0.012638168520458946745
0.0014698271840394047487
-0.010726301417072606204
-0.016860745053104322921
0.052421321349943775236
0.028370702714619340512
-0.56100446379508484007
-0.043817880609833159689
-0.76401080434909496297
-0.053113037779351113254
0.009516979981827135282
-0.014915669533767134114
-0.043187352131703396485
0.031245894641155184251
0.013989527494153745565
-0.013027640576802312564
0.020999110801232998003
-0.036803007586937157292
-0.0020733830949348237144
0.0035981207656354753828
-0.00056404138133568702904
-0.0041695978413969544268
-0.053918515640847361481
0.037211141602901273706
0.001218443223061548876
-0.0022016714015607192351
0.00084536481169097097994
0.066936595554745625947
-0.034427831668926628383
-0.012618981919133482467
-0.052493226587576664877
0.019222672735238543335
0.021351164934135004325
0.029613652526471960502
-0.021602174461413728435
-0.016890496560605802734
4.5863590017323028352e-05
0.00025149784940354863103
0.00040901225890469064842
0.04590355150353863517
0.057065130484090745289
-0.0064482560763543224705
-0.0065196243173290969325
-0.013551226225715405985
0.028037838895819067186
0.0051644553158087767863
0.0022225657112843162991
-0.00080456692419150440711
-0.015241431667144650017
0.026381014553657666094
-0.015136795318323769885
-0.0017738105484970455392
0.00046555936393268449076
-0.0011910131016260264852
-0.016179865865892213705
0.039502328749273035724
-0.044731155125570923325
1.2720386376410430795
0.17911015128686338937
-0.028017475671099634216
-0.003220291247981832243
-0.0042960872434993878366
0.002380816490512571975
0.0086044826105295523638
0.052101368058414088136
-0.0046568929175365711762
0.034383494591015854869
-0.0041740628139055515472
0.0060341703399157059842
-0.031041743341180212667
-0.0086457787131001950093
0.043157568136904841949
0.011880538757051422802
0.015849904512870497536
-0.0085780927540672798071
-0.021945361116882049213
-0.011965482326728690485
-0.00082042982298828354831
0.064206649086403055904
0.066079964465551574437
-0.086999917771935289523
-0.031804579580208679201
-0.072002767884940338527
-0.21578863485910565467
-0.00681333251901498297
-0.0032260099069200240569
-0.0054100090539705245757
-0.010531663591704725283
-0.011751072474013853769
0.018243285658401386939
0.027098108939385034261
-0.045893490009728130086
0.044302232384382342345
-0.0066163208049395448931
0.0023213342375972092525
0.011284553125663355708
-0.00057527462320378693755
-0.00038663044597284979866
0.0034764776272643033855
0.0092807307334438447766
0.012561825518468495988
-0.019850307078193418081
-0.0059987195407417703841
-0.0031752694131132008608
-0.005681453783004357036
0.014762039492282419059
-0.0074198044180655460533
0.018262793895150446211
-0.0080376447297996287539
0.0019284565714662827655
0.001106422704350117428
0.00017866593518625384666
-0.00017905958599169973866
-0.00035826301918844737559
0.035798469108449595955
-0.049246534167340712262
-0.0062965111274402366104
-0.061451379441795281333
-0.0046886740815049064365
0.0039754101247019262705
0.033169545323345456245
-0.023257414766165593334
0.03114036547762958837
0.00022855248019819089287
-0.00031904140085023158539
-0.0003190859877973797388
0.0028515240501741272519
0.0019471157524113007122
-0.0012141802561430722809
0.056181424161035282971
-0.015286642227235773192
0.014570279381451200704
5.9494176156572935472e-06
-9.5733076018149230259e-06
-1.5970745032570808007e-05
2.8393697721523095606e-05
-0.0020264992618030212845
0.00038933504546522315105
0.021410923490684272835
-0.023360988858754181546
0.0058315687585552078778
0.027315924691608730462
-0.051706137128268325753
-0.042509556537591398906
0.034976481613987329966
0.00076564455824943322866
0.017821501363644767085
-0.071070259564006380004
-0.0049572800389766106741
0.04335155251866774917
0.035647074835192693598
-0.0031773975147957708894
0.064184909472077042447
-0.04907315614176974844
-0.0090799472299171232054
-0.029609150898863782764
0.004856692827242772674
-0.029238243344700185627
-0.012884222465569583616
0.0052005118990421615732
-0.014788576356594487771
-0.021806593942504833711
-0.0062467318285763396429
-0.0088710568903532550922
0.040162959331396817786
-0.045170793945011035453
-0.025315847953660368386
-0.016880798604175958205
5.3881565737337681335e-05
-3.5280936897239966073e-05
-0.00089956476411033755268
0.0062631168450983142407
0.042319948513429982151
-0.062747982587247314035
0.14241941497762120039
0.020233764304861390909
-0.32390112393416642389
0.27796161558872983788
0.19828548324199152253
-0.07968147042166648375
0.0019815074704193354031
-0.0011256216356439407381
0.00059313450372375643542
0.0021473830493347464618
-0.0059677573734039056352
-0.011485068969390367644
0.0047914447219007984258
-0.0048111884090486049803
0.002149792680219702809
0.019092186972559502256
-0.0024164470486578441995
0.016512654107100410011
-0.0015004049237008687187
4.8132951643035843693e-05
-0.0017408207477722220918
-0.024380109273428346439
0.054485993928278186882
0.032989780458795588125
0.00047575881665154576587
-0.00065251366660144165342
0.00013345102645706777181
0.010643444462103263809
-0.0017927679795059388301
0.018596061349846013805
0.011603560961494419415
-0.0043312719862265720155
0.006183139928532683724
0.090715570886863716726
-0.060724811669924425028
-0.0009928516787883949566
-0.53202013411139659205
0.18285897559624425535
0.10352777555561273881
0.11163748449609378621
-1.017428990239295894
-0.27261401619994357626
0.0080109202609813905116
0.031013215091667434287
-0.0079011216766343376344
-0.0014202418291750296738
-0.0020044568545661352495
0.00017248638988542582592
-0.0013207455709016479098
-0.00081371010862308452635
-0.0062432309787668234524
-0.0012692283985260219281
0.00086079848280659133127
7.2126621286281407462e-05
-0.010384042214883039759
-0.0031153180936784818054
-0.00042796688968664526676
0.0013176530721848819967
-0.0018191050138374135342
0.00052263022693262715154
-0.00089259494343616667227
-0.00095271647193914243273
0.0018261029317141147348
0.27147701203818114246
0.11685505808757935819
-0.20470052358331769504
0.066993497374473034989
-0.041091488884065253961
-0.048339026188407983875
0.0017917733322009260326
-0.031950516871088102677
0.0083423774207141213055
0.5328819475036562503
-0.18473652953270686128
-0.10304253833684900998
-0.019124667171006998201
-0.025890129118579789658
-0.039204137092301652445
0.024756851690012300626
-0.0010205326598547923272
0.029078864103028373433
-0.024445195828234234092
0.01858488513996092717
0.0054510228709694612953
0.029906701864700700744
-0.050467137782877376229
0.038683902703354512698
0.026694091628960765067
0.0088346684179617905597
0.021224772150724696002
0.00019852471925095002995
0.00050858261726768330072
0.0009131040307141517938
-0.010883947686080825551
0.0087379392523740332527
0.013791896560896230173
-0.019680334911788294888
-0.022716354506894624599
0.010572268716516525916
0.028467895039560407039
0.0079720455402232208442
-0.0057759666054795861731
-0.11336411691152904757
-0.088233606292832264528
0.3552943553356981421
0.041078206522444420112
0.022416483667719679096
-0.043655704457671737351
0.23278675219961414422
-0.05368434540670229127
-0.053521578080773943298
0.0091624906971734983163
-0.017142138146947618477
-0.00093119148759192532736
-0.015725713412208904701
0.025202766919061741352
0.012483892683822805578
-0.0012745497730559372275
0.0012633625213520132888
0.0047160877518271134695
0.00017101655631804714777
0.084457454824179128972
-0.0042979608272363210852
0.0087954977976731369554
0.0031058878310827216229
5.390033556413296751e-05
-0.0019497786876980615755
0.045345027131777231044
-0.049485915502238235486
-0.0091672645264539876636
-0.013778485995630699451
-0.23978209419490953414
0.029561898908773389522
0.029546778042416118465
0.068705851347418453456
0.0011680999091871365186
-0.0027781451530992000779
-0.0030839185409330350726
0.012328631566595646754
0.002234360098425069649
-0.0072088126810701067676
-0.024984533999513003355
0.042959189852336217286
0.0096778145517742442117
-0.0037635457835162810201
0.055067345510271495379
-0.056895505368548530967
-0.12765669118595612819
0.097958914797110621664
0.080717016230518356945
0.010623689317050922371
-0.21105652726828294519
0.15491883899162620097
0.01794676904920750396
0.020456192573412319141
0.227537722452420349
-0.27341036811657160044
-0.23204355396188600102
0.083805916198410906892
-0.029430710859626642989
-0.01940654053003156021
-0.034950771941118265185
0.00030904363925575315192
0.0018698180539318898577
0.00091413662562016934857
0.0015181337575503415366
0.00056246797214471952204
-0.0013704645060758371099
-0.026023136895569239091
0.044243373539418665019
0.035487597552381074106
0.081079208136447519784
0.1558260062437116511
-0.092080846337717570105
-0.00012865985617913194817
0.0017160558624751071424
0.00032601012180202045953
-0.0052150430938756302951
0.01786363627162305609
-0.0089838286330410199038
0.00014592440959031535317
0.00015264273855732579058
-4.0530333393336063737e-05
-0.053515906129858230311
0.0040879914866773191251
-0.022943858664416609539
0.019801797046956490234
-0.0074056233312595250856
-0.022556609159977387274
0.014226456126313014039
-0.017650184516650350292
-0.004477543012719307873
0.039373907559455946503
0.012174540274446624469
0.015622686936924983989
-0.023697491969472590095
0.0085102840233583828405
0.021267192174563992468
0.016005304972767812194
-0.0023256240259334915593
0.0049658042111624745366
-0.039365975225271555848
0.033404786249190659975
0.017357140919355595193
0.0014739725617574320638
-0.00032963953724614558074
0.0024410288590392729101
0.013961190490863322269
-0.0058590962183921761405
0.0063334858705833847053
-0.02319198688404128933
0.031493481816958664166
0.0037067877649731508123
-0.028407118992169910765
0.027904362969885559281
0.053057412808247994551
-0.0070355054256856144196
0.064046207653185652231
-0.0083449136642560171884
0.00091971679015318084233
0.0050932614806123320192
0.0053635830560305091178
0.01816301626797077462
-0.034423525775436600305
-0.031738457813219912718
-0.0084382224882725634374
-0.0059995989178651971258
0.0036448221267409166256
0.018923487803671593804
0.0234387188334339025
-0.039339759116855894938
-0.1075446033267314222
1.0110869876923189725
0.28203234505964830392
0.040166701204255979285
-0.036333053966313214045
0.039147007602247173297
-0.057926176347730735927
-0.022297911114714779462
-0.051847599482187659015
0.00011739958967743225498
-1.3728651384059241685e-05
9.8326258642508621759e-05
0.06637104432860679859
-0.011145232017552995224
-0.015500236328187639093
0.016007388068590835267
0.035494772944134930781
-0.018698441251597187202
0.028718641544204028676
-0.047160412649737137869
-0.0096228785346285095059
-0.0010586235388388843918
0.013645384868843314988
0.0012970336097870844953
-0.00055929012954202851887
0.0005927666943551263435
-0.0020065757105906887464
0.0010766585296769217665
0.0629861724775361842
-0.016302682043316439608
-0.090231998024067061603
0.024865855941026977771
-0.096489671183941069788
-0.0056444314750110184675
-0.0059452247305384134379
-0.011579879765994262331
0.0002267234307890544844
0.00011707557669009629759
0.0010546883108836599841
-0.0021746429777421620415
0.00723778308933013554
-0.0026397022452132280421
-0.21053997152517184288
-0.12825497121240050924
0.23141202150883341537
0.069588006270543401044
-0.026138632181885449596
0.028575453610730609105
