0.093027639132774314623
0.050055256505749386176
-0.0075781127995846672696
-0.069906282460473284646
-0.006645148358875578587
-0.058469385134136124538
0.00071957450876602264359
-0.0014199387021682826487
-0.0033458352271411397928
0.008075648536866007754
0.0034574326258228807972
-0.035832098168655630854
-0.0020092809935380703985
0.002197077958762314303
-0.0038702515538918970915
1.0894089853754271857
0.90529453466067988376
-0.32209108736467040313
-1.0986557753192685016
-0.86337580087804810525
0.29426891048638859072
-0.0055452562237928290298
0.0032330508309336542482
-0.0014728153034485945254
0.60877105511813267569
-0.027295460216650444668
0.69389125502424475744
-0.03888769481074556833
-0.0026553574592908307447
-0.0078494021920762612615
-0.0005634979466535536578
-0.0083595013825852274719
-0.010346736872243928601
0.0034828006446335395621
-0.024143907989598506481
0.13512228876692303214
-1.0387918066254312529e-05
3.8497797166173187945e-05
0.0027750728797541657396
0.0002490207837122219341
-0.00036617015510238988801
-0.0041217529629179114337
-0.0035987815847260701957
-0.0018481478819362196549
-0.0010169765133228344904
-0.0018700185225956735338
-0.0034576647915591893385
8.7689135055227702975e-06
-0.00070004906331292662998
-0.0032272460366606198733
-0.0036414428276130010771
-0.0019314244682732976868
-0.0032109497561021455719
-0.0014126172003960616331
-0.013908771338263814857
-0.0018298539694641398172
-0.015917964145196829978
-0.021081008565467525273
-0.031476894588350977366
0.018699047124786056379
0.030566693653729139213
0.0059291668721431463676
-0.034809247583628660783
-0.05528472289651188698
0.0040925716660842109337
-0.00022259450423666422652
-0.014930792053228992416
0.010840916361993054376
-0.024227335155219336532
-0.033239454114698814557
0.021913117834822363333
-0.00032431041142012427721
-0.058612346046062802074
0.057219346742892966684
0.066424486662585394137
0.00082813477849904019914
-0.0030773469495615174245
-0.0038177245268071636347
0.0025138713573909917884
0.0053431873790481150543
-0.001553051722785127927
0.00026911774962729288936
-0.0062510553147372104055
-0.0023210398321733939977
-0.025810763012879631845
-0.018505763231398443536
-0.0059966951926710707413
0.016452439531067789696
0.022669711242546818075
-0.0057904320548107686417
-0.0066639966738691498727
-0.014731259315329578441
0.0064229187559479835809
-0.00095727609115219447662
-0.0075655845656309650069
0.0030242592385052897985
0.026111181048386136044
-0.013787027671995216727
0.006474405137439046172
0.0017468380585467272684
-0.0007412861588284476444
0.0056230136394140508432
-0.03329088296201768854
-0.016208694730301974329
-0.012295618448840726217
0.0001781589313339233501
-0.0025845983926552182526
-0.0018122411503005175001
-0.00066579431099327251835
-0.0026790170082744298695
0.0035096062794696862921
0.04420673963551796648
0.015379557004554492497
-0.043071146990683963074
-0.0053466966677424843102
-0.010327256104795488195
0.014315639891588011548
-0.0027115359600139946755
0.026754605312936788342
0.049270600677690033764
-0.0068965342070972735292
-0.0010044422580087815789
0.0010786666550906746746
0.010541355466457100892
0.0049240599332816418002
0.083873573111402630054
-0.0039727944355686150082
-0.0044386171769195958969
0.00026066760973340896181
-0.057464927069470712884
-0.027650257968475210751
0.0072100771011420301468
-0.039901382395133161429
0.0052249561360120698808
-0.0046936418242905430728
-0.014125166726481773807
-0.0032964036073052900913
0.0020705282992380361247
-0.062532877985745319305
-0.028621401440759697277
-0.018123187686120686979
-0.0092873585012666539512
-0.011854898461485779276
0.010255202034387364204
-0.0025592044986733459254
-0.0063786717813927897025
0.0018550705037627317293
0.029737782128715310043
0.005377722500959225202
-0.071684484685269528326
-0.0060238128922838526241
-0.011358986827099534431
0.0042323425349371978851
-0.0012117711405449488847
-0.011428215905303814801
-0.0010477084440216023146
-0.0034076747240512775608
-0.005739794650227446858
-0.005441908024974537704
0.0047681898467525143936
-0.0060509686098996528017
-0.0032151309883573218375
-0.019261628810827640529
-0.021192584963028060496
0.014275008346874569487
-0.055878672930912309802
0.013231508679967774259
-0.041095741087311371542
-0.072854941646736601224
-0.0073094567274120210085
-0.01988859043543898808
-0.044218279425844719821
0.019074810976851857419
-0.016449537577815049466
0.052654987543344723699
-0.0082331662639180906021
0.045816472988317612225
0.00057898374853514254345
-0.0054871020927192669381
0.010413041814075313721
0.001441031807112889496
-0.0036503579877267119599
0.0031677709426281724404
0.01435386454567065366
-0.027979923107856539966
0.010156379522712716962
-0.021648793995952174407
-0.018308548733698373767
0.019538475490302083248
0.0041083642644580255568
-0.077781736082090949247
0.08109973497869295278
-0.078065546465147614419
-0.011366696640754693146
-0.017939054404400831683
0.020222676833776188909
0.0079690960343951084549
-0.025335707132566259031
-0.00044341267633476143251
0.0034739273949545472833
-0.0019858273076267451626
-0.029137251173733957205
-0.011104733803763557759
0.01830575727350806578
-0.00066813283604262086769
0.002757441414413834644
-0.0020800542986253015877
0.029744677435684662575
0.093853093671382142871
-0.027447854201559585691
-0.060864526907969535019
-0.0095066482173748068779
-0.042329106639282153279
0.017508942867265005899
0.0092361634952501173168
-0.010711671735370091943
-0.013342661919335618501
-0.051060272098431384868
0.0059799652407129082199
0.010550482831583440912
0.0096754981672398585046
0.0073641009409791636717
-0.0098630453716913087797
0.0085798109092290013311
-0.022420916604212241807
-0.0049958284500712787576
0.00055925863644371563189
-0.0025678749824043756687
-1.2050277625969654238
-0.17425038281891022662
0.22537118485247778499
-0.0098898521299258610601
0.00022191116631477489645
-0.0016757445317080010404
-0.064967942502259928839
-0.061492969533028726814
0.086816037365179787866
-0.0029342312808794891905
0.01399210861038159559
0.0054778498126354180711
0.013067227629755597332
0.0083653350443221845961
0.020614304454143632384
-0.00017341136015338118196
-0.0020065164708749894627
-0.011403118578968779451
-0.0065077969965970173041
0.020125731311419245428
0.013275092748512162463
0.025396160688584641651
6.908109386759393939e-05
-0.00094818798469666282572
-0.0029176749369765118784
0.0054387058900409630813
-0.0015118771513192735302
-0.00050594764453462746489
0.0010754894422769563801
0.0026846253135227216187
-0.022984677535605135129
0.00050495089330955197655
0.0057547941897516403237
-0.07024596286184019156
0.016946928223896061405
-0.060839054788046444122
0.0070538439593503749273
0.0085097434312733800238
-0.00087031475256908004054
-0.005433211022968446012
0.010800816565647486725
-0.0028646455870527105618
0.0020653297583276171434
0.0056799793717274412938
-0.0055071821499728564053
-0.012816203004193093759
0.00091400247387882151313
-0.012732996535281954076
-0.019035508394637700585
0.053923294556637503538
0.026779275165036503514
-0.56329433488888869253
-0.043988281607265054818
-0.76431258136182533836
-0.054623603314702728895
0.0096234734100124844774
-0.015852899989762275768
-0.042463429866935756274
0.033170803196410532376
0.016168276592375085271
-0.014102977241805918218
0.022581044345649288474
-0.034843377685618202866
-0.0037399562603122392217
0.0065959754928074315963
0.00077793401840156432576
-0.0044541938926715351696
-0.053029604869368335285
0.038399593099308869382
-0.00081712037473847848497
4.1476620330492608229e-05
0.0018899596724972135987
0.065092672765484013708
-0.033304328013278122755
-0.014450959408685916038
-0.053222637602150527081
0.021139569326516654407
0.023650930185751827678
0.027631180427957275497
-0.022584251937317851439
-0.017282323542473342765
-0.00031790718960153426529
0.0024231005098023913544
0.0033729867803992869858
0.045644532813668210747
0.058982040527060144997
-0.004235125935346517427
-0.0076025048255468699598
-0.012202768418256293437
0.030369120511334220941
0.0044531158833940156019
0.0050492106579586642709
0.00069047948201648946722
-0.015599116131382172179
0.027965001965814976354
-0.013289777907504468288
-0.0051117933765855473605
0.00011968510782466121756
-0.0015902351747006694682
-0.017137826861210625484
0.040188504175388446715
-0.042297180609946999352
1.2710476120153189061
0.17907558815784152539
-0.028405256264016607443
-0.0046179445679623955592
-0.0017517275794293148735
0.0040271372660000224336
0.0055974622771209460795
0.053733366707194286926
-0.0038299703794541818669
0.031062340793384584509
-0.0046179354601925534304
0.0066726476552731459405
-0.033778398535563004812
-0.0084778535366210171914
0.043079815154592908388
0.0093562723661700548938
0.016101480797053899924
-0.0078447058623477838868
-0.022930289582716263663
-0.010925039043204316097
0.00085274330852072794448
0.063860708383724609782
0.06953235323628584319
-0.086151262039379658542
-0.032180884800933499956
-0.071807830621459275977
-0.21567845076606909083
-0.0084568184253185820637
-0.0038685480771606362525
-0.0031801642978320984745
-0.013251515177490612654
-0.011843628897829467164
0.019416752252976000187
0.026924721895869915128
-0.044368287145412035888
0.046612903331421297326
-0.0079614842004841913231
0.0036926615780075709196
0.014028396126814893924
-0.0030432819960689834818
-0.0019244207826978703118
0.0045736905860857069231
0.010968007215859807563
0.011026390069414485073
-0.020792325752815390277
-0.0044230978058668662597
-0.0032228164847761414137
-0.0082508098098299804263
0.014929396854240963716
-0.0083072691861025525772
0.017239911651890788002
-0.0064854570184035955152
4.5693074537222108894e-05
0.00044046669407551584594
0.0015810615359946168876
-0.0034189363676349199261
-0.0015776502381620761007
0.038040585351531222558
-0.04999097362715581444
-0.0072695004674416148494
-0.060054770915983726742
-0.0056451457491307329914
0.0024532903262247623792
0.035046290701304681769
-0.024179179255987410385
0.029659763733821786769
0.003212883074243035042
-0.0022208686006776000819
-0.0012550707756597094793
0.0060214590753460313366
0.00091621611041010019537
-0.0016013413897857891981
0.057915921875058194723
-0.017668308676436848131
0.014051350789207142991
0.0013536082185617432077
-0.0030897893617850631827
-0.0023709956635797014776
0.00082433514490065726982
-0.0046607114549363261313
0.0010720381391947670247
0.023331970585158883641
-0.024199157519823447093
0.0038436077830608216671
0.02711332760329812977
-0.054593109687176268052
-0.04401588022285033569
0.037122165798866228748
0.00041082185135634145205
0.017133148351197873688
-0.069787552310239392428
-0.0058482349294688767624
0.043068055472365245062
0.035353211844447791912
-0.0060815229247385372766
0.063143816180111875247
-0.047561211000492271961
-0.0099829159120608870759
-0.031754930343201814846
0.0062648224558830680267
-0.030668353635533340124
-0.013150981469273535784
0.0057131141853899863881
-0.015458365748031104026
-0.023373106402052507002
-0.0076030338968623781271
-0.0093201165265114609831
0.040754170008833578986
-0.043972026446106635134
-0.027856348958322098286
-0.017548289760729713499
0.001046304058852963589
0.00048996896233267320676
-0.0041919305633427344018
0.005348246048356600918
0.042608883317970996929
-0.063587431472033786872
0.14377856636662919576
0.021005183591004467775
-0.32582186528387319102
0.27861470740194088647
0.19873095921567490718
-0.082101846831918512404
0.0032784918741600075319
-0.0031632620043850014947
0.0031975919716658858342
0.0012824248787428637383
-0.0075436724538743274091
-0.0097221755048084515516
0.0052839358544304994639
-0.0055248711505796613622
0.0051074227597149753077
0.018711840968320271605
-0.0036780793376818173013
0.019017369398752405341
-0.00080615798795922186462
-0.0016426462672773989911
0.00088428456222692023141
-0.024133581428918918915
0.053779699822871764037
0.033628760223919182404
0.003725214743839526995
-0.0025041268024903313126
0.00083371738193525088238
0.012090585968141425582
-0.0034233418803960779728
0.019448364757032200051
0.013437352380350984712
-0.0061739244848062922386
0.0062909001301655990968
0.092503128798951964051
-0.061629366927363524176
-0.0013685374001876713778
-0.53081864213784368811
0.18002636002349708955
0.10534893523210622779
0.11453079882789699018
-1.0181806503843526812
-0.27031202312398255883
0.0097892688777232953617
0.03096097797638026547
-0.0075203099947165246222
0.0011875302273922285368
-0.0035422005597371361042
-5.0523920161746389986e-05
0.0016425469498565937066
-0.0019523818753744632323
-0.0045647594322420458057
-0.00084251569647555740912
-0.0014846960849519202572
0.0017487853608705980404
-0.009674552621978025832
-0.00537379681695694493
-0.00076893121838899388797
0.0033054413365196577343
-0.0047069969873348056766
0.00020003062051051766386
-0.00078162728805858568137
-0.0042703604794262790129
0.0016356889320954740973
0.27368720573305393984
0.11640779630093937846
-0.20455202993744328599
0.065944777988448666228
-0.043001478530764601638
-0.047700864180649039936
0.0021571147339426409439
-0.032821970025540811444
0.0084543937384347657427
0.53374108800563402344
-0.18750544867666732451
-0.10110147356387375051
-0.018718433440793942613
-0.027099286365289299017
-0.038713678793319446225
0.027765475783919496555
0.00034899925569467616336
0.029745862866750610171
-0.023621774172251443907
0.018758788655303851312
0.0066391346089246291301
0.031535632018030806956
-0.050766729714872893542
0.039834772364147702506
0.027832309239705969872
0.00778277569407653802
0.021714059639021003612
0.0032912132425376313359
-0.00078117654926981275505
0.0015097429283511018365
-0.010811653972121552589
0.0095087709585450434085
0.01634206428738217351
-0.018558841652129665772
-0.024485255029799084248
0.010828929966416492997
0.030530058719047317023
0.0089647664530832209956
-0.0075312579936144940368
-0.1118872058824949417
-0.087411448211254502705
0.35307639809953988985
0.043201831060942684493
0.021799993804369671713
-0.045915348867302037406
0.23358661495992555368
-0.051587190601657673117
-0.053286768682224469607
0.01125484736706329654
-0.015645606958729449398
-0.0015567350417197015414
-0.014474152481522544605
0.027545072320385659281
0.011945675564248713074
-0.00049897533954671455594
0.0037726110629681991644
0.0024054868981702197048
8.6063374265509526902e-05
0.086847913285412928208
-0.0041347995858606037198
0.010906263527695544621
0.0033617318599009592128
-0.0022158286877959868129
-0.00030631519742628374658
0.044860671469450552618
-0.050304717618930579193
-0.0075933685553949909278
-0.011807482088867825645
-0.2407097596634843184
0.031299917290215639731
0.030289138568138990887
0.067304362858316091334
0.0020494699360737817992
-0.00088986697255086894768
-0.0058101254945303881794
0.015852504040445355299
0.0031893290717288128554
-0.0074257172524084241044
-0.024430981366297895713
0.04410057359002129973
0.0093393297295439048344
-0.0025217321148838672297
0.056210388594680950336
-0.05941724454884255574
-0.12653590207421774871
0.099803688513058486098
0.080704661937474650446
0.010644776828787167258
-0.20916201933983299965
0.15519867470945097887
0.019449483115198184374
0.022377866468594714844
0.22618066868500985578
-0.27248208848465582665
-0.23133618676344494536
0.081324562878499567775
-0.027880561669326096169
-0.019018345508530817151
-0.036648080085666868977
0.002666402104291424463
0.004392052112114799671
0.0012338785940489672369
0.0042476719773547663012
0.0026418574706601020974
-0.0017957614549304614596
-0.024521055534713870339
0.043704655428161737207
0.035419014444792965013
0.080835341319192843823
0.15738670728843037749
-0.091641101054707158058
0.00053563650022649947
0.0046593488090106325791
-0.0005209645584021661488
-0.0037968808854303760271
0.019332005461556150266
-0.010825383082409932231
0.001642420796089569604
0.003676740718968967217
0.0007318623382891593877
-0.053409250533825031182
0.0046123839253207621347
-0.025573838060826633439
0.019879108412485108071
-0.0066631569843593318331
-0.024144929727234063638
0.014428599126567801664
-0.016492877697534946008
-0.0027225975132271181336
0.041369301128367182152
0.011693649161833826258
0.017953611099917148736
-0.024033834057322584626
0.0097402153886638597607
0.022816473601624757267
0.017116535761079420402
-0.0022634956530234659478
0.0073725489855535749836
-0.036989433208803337849
0.035201649096499795788
0.017700080026280859413
0.0025383850738051232446
0.0026874465911506102526
0.0040685950100079948041
0.01452838620678417389
-0.0046066241279012079893
0.0084398399677208905956
-0.02376940375891151494
0.03314263170752348997
0.0045078128469322594971
-0.028339129899528314044
0.029610576862759637601
0.054288628381639503218
-0.0049781349706543177175
0.064282074407139580541
-0.0091390236969479485968
0.00094247012419546992868
0.0049523766839020344835
0.0082494009647093007737
0.020874051599565762727
-0.032968820796614083102
-0.031468190779013548164
-0.005218691688489471292
-0.0050812715642717569756
0.0037145971691198540095
0.019864594096708754895
0.025628176492794932373
-0.037612472471215949166
-0.10464407517120091762
1.0100488957181705807
0.2842311695960486051
0.041129584156482865143
-0.034777243964330580017
0.041554594382421462806
-0.056855086115977546135
-0.020058762599564992218
-0.051337223201083442836
0.0016830654225557016655
0.00054607185519849998478
0.0035437420868303791573
0.066365820343871936848
-0.0099581032124226066815
-0.014623785649617840679
0.018163130454227457283
0.035104855115969446633
-0.020199491707924895761
0.029561690513913860962
-0.046511361415691912513
-0.010073822223696238254
0.00096279859194554971279
0.015701307357602008186
0.0010884919847882060847
0.00013376994271079611682
0.0038849850019134156941
-0.0010096450623368594026
0.0024629927621664651424
0.063151932008573594124
-0.015383614693655893457
-0.089898528491756612979
0.026750487832542673566
-0.095832854491841742983
-0.0051723141775454643462
-0.0055717030159148830254
-0.0092718857998896272998
0.000837023333956641853
0.0010214866431216449664
0.0042336990449463769715
0.00067878146423071695614
0.0070190551200174618532
-0.00043742931840416325378
-0.20806364247511871524
-0.12848337639508136676
0.23128511146865507464
0.070227417417626752938
-0.02446246713995265526
0.029549925762411211744
