0.093138395991109873551
0.049522525096919588206
-0.0081616933450635292119
-0.071068626503535750616
-0.0059477957373338854324
-0.057684824485643118597
-2.4132465655075793575e-05
-0.00016917173469036932967
-0.00037242880610650447
0.0093635184821024876334
0.0039803731240823031837
-0.034570199565620400584
-0.00048525689060643158353
0.00081886409209472148241
-0.0013169462130969695861
1.0897734203654447782
0.90771851542006576352
-0.32033428532580832115
-1.0985917425453390894
-0.86116786587751270599
0.29612543479697867044
-0.004111673207476244235
0.0028450957844184917092
0.001253611519965603955
0.61122934883712243259
-0.027146728493397588589
0.69448641677225597668
-0.036694253562975447103
-0.0015720856424817758728
-0.0063071622010644331699
-0.00015522038926855000565
-0.0096903142928564719311
-0.0073781379783889817006
0.0043345259874456969207
-0.022107182468694055316
0.13539763076595778823
0.00080422829161127130232
0.00019725224401058867292
0.0052930403397544708091
0.00038366598278718962211
-0.00012778816681018455195
-0.00065056223413985359277
-0.00050362055995523602112
-0.00048328204406975205096
-0.00041706231467469298589
-0.00016399428041700286635
-0.0002543613722675516233
0.00013025235928294090818
3.93558848419853322e-05
-0.0021276165848398312201
-0.00097791548805258271364
-0.00011916348459129318333
-0.00012015062092138699954
-0.00024656740250522473333
-0.011986853406380299641
-0.0013657796014226052019
-0.014944321046493940636
-0.019909487189130343349
-0.029604599653938763054
0.019517056273351301304
0.03161890662657785428
0.0075654033655390903745
-0.033509269160762321371
-0.054543161695913236486
0.006853237551376795654
0.00085665930887674184967
-0.013637162863439904192
0.012205215100933270583
-0.022648664204130499605
-0.031817234894606194473
0.02351974192698296981
-0.00012977557098888759727
-0.056054941147893944109
0.057479701862185546279
0.066370456889370640918
0.00060139295552532636129
-0.00062208677613762182988
-0.0013617342201952843932
0.0029257141376827361379
0.0081828405731476476503
-0.0015917056723715680439
0.0002844885875005795481
-0.0046408536535220406422
-0.0019888656611774962503
-0.024437222678864011643
-0.018012947713641903891
-0.0059232669807810804305
0.015473110881079332746
0.022831402647074297563
-0.0041856540879946875153
-0.0043061419991639177107
-0.0154907951666029952
0.0077345108769265140392
-0.000445973375186432602
-0.0066508273474839866776
0.0038100098022437450113
0.028472188900538940998
-0.012978347695761957917
0.0065886660984094385513
0.00097784669557551568558
0.00065135755996655552401
0.002511500152108350932
-0.034791723181040720703
-0.015555516974567463323
-0.014474641793391725478
0.00053565050295616275719
-0.0021226102872658053622
-0.0036356890830613881709
-0.00077802640427762051641
-0.00077030983295336139579
0.0004224872515885457684
0.044855584221316011084
0.015214262677654001588
-0.045409513380115534842
-0.0041735533586705411691
-0.0096488141337552815052
0.011503055593155467329
-0.0012142017335994245188
0.028198708170114075017
0.048082224021354688648
-0.0039078958053421503777
0.00021773677378435945303
0.00035231779805828828539
0.011394794835988202031
0.0045245793929926539714
0.081140595555389868898
-0.0012536231097743351717
-0.0024560525809266360239
-0.00022671238146564358547
-0.056385454334012909128
-0.027571210580665757306
0.0046688984555741438326
-0.036430228591889685097
0.0055632904179057441132
-0.0052478170454027294259
-0.013392986953923954538
-0.0019426727885625935839
-9.6358713965455985041e-05
-0.060316566858028421161
-0.027394151094051955725
-0.018467198766988345005
-0.0075358226157967852718
-0.0099837449236589177054
0.0088302518583726237467
-0.0007424913649834191014
-0.0040322769388623494122
0.0013703467763004940905
0.030678983587342670974
0.0074221616732963865623
-0.071872880279426759609
-0.0053370347229270056338
-0.0081761872365629737619
0.0039565230413413929669
-0.00012819672979355524901
-0.0090156388995806923531
-0.0020405916757233852517
-0.0012332429332705258096
-0.0038121409491583073924
-0.005297501577989618439
0.0041380807615919029674
-0.0027049523962190532775
-0.0026961913117393241507
-0.018032657348952683268
-0.020334010028818513133
0.014913937399245739274
-0.054364049804437375446
0.014826369199826818987
-0.041731176205634150367
-0.071927201905789758807
-0.0076508387160580879072
-0.020518805564450050272
-0.043429260241321501756
0.01807977576187039942
-0.01717718336382577371
0.055134325696031181996
-0.0069765553524061239832
0.04566894733412057289
0.001510907431600223361
-0.0031021600501804961168
0.0087308097582346200216
8.9116280394168677164e-05
-0.002224756788646190496
0.0013941371539156700767
0.014915426995294226234
-0.027515648130376348796
0.0076097512545329716246
-0.022079332391477211883
-0.018195531489306946554
0.018112926508867262243
0.0045499079644426088445
-0.077958730313640409171
0.080100586273142954097
-0.075343241672602492831
-0.010660518075277701511
-0.017789275744125317147
0.020575135284244022021
0.0067068155349445509814
-0.022953012784860154366
-2.1635942502654056013e-05
0.00011154734517541138714
-5.6434323071574140707e-05
-0.028304411757492233676
-0.012222034871131368106
0.020359253197924212508
-0.00087058304685376953092
0.00023904823064087324055
-0.00042164926233048189612
0.032028258662060507533
0.093497611629050153548
-0.026895543182138249849
-0.058615715857226302621
-0.010656263544205592936
-0.040549514551908694138
0.019592625920481304691
0.0067846451455309811016
-0.0094649155184263304708
-0.010529051794345982429
-0.053034231543238059825
0.0052124148145715060165
0.012097513254666314789
0.0080259848418352246896
0.0087631953318012146409
-0.0097121697128803516352
0.0070110465359134940821
-0.020819308952125616108
-0.0022051933265612696025
-0.0010665570560768836833
-0.0013498591879919804009
-1.2045323691684908241
-0.17431591828069945005
0.22574479767164737365
-0.0069152759038490800234
-0.00072591537291283704872
-0.00089800324396223710471
-0.064842597431827908583
-0.065009128366909765817
0.086269729302314232533
-0.00039659079882005512973
0.012958858879054364205
0.0060746804997149888433
0.012908351414334834004
0.0067411283802999884263
0.021612387066323270057
0.00075486696882493301789
-0.0019291572742194088193
-0.008326851603470001098
-0.0061112642764770113563
0.019323400560010122601
0.014288359200695233478
0.027098858728330392498
0.0011847754525108041088
0.0005825872034692245122
-0.0006294293114358479567
0.0028787726973629169068
-0.0019687772514471778632
0.0016836325132780626413
-0.0011654233555073042171
0.0032770843950593060018
-0.020482165077423310912
-0.0017447269815844387766
0.0067694952692940960765
-0.069881799967150229347
0.014949357344322572114
-0.060798075532889163386
0.0070441044532762965222
0.0067898295188349791496
0.0016942101492734324038
-0.0047814048348945870082
0.0088882942151879001935
-9.5640220557060014292e-05
0.0012000502508680392644
0.0030203148969742119913
-0.0030054410174420904955
-0.012639770993857527351
0.0014607908083070905367
-0.01075993457667281418
-0.016905465709037253985
0.052451514951572110468
0.028338878323147305427
-0.56104144548587342456
-0.043819449837309988605
-0.76400831694822735063
-0.053137169197100507512
0.0095187450655290842261
-0.014930114228040684832
-0.043172175671304269251
0.031287404885859397552
0.014035492274858479833
-0.013050403270044589471
0.021031019761399989687
-0.036764165170997314958
-0.0021111269741618350279
0.0036687197187227579311
-0.00053100575436447407414
-0.0041760766132716052937
-0.053905653822981458578
0.037229430514390898788
0.0011769861164285053828
-0.0021563345121479644308
0.00086677614706226100653
0.066900419502000804672
-0.034405867188801245171
-0.012655048755171056235
-0.052509352581874155219
0.019265085371357786037
0.021401341060601396238
0.029577967671470774963
-0.021620812521352780061
-0.016897194338712208384
3.7456466743914217663e-05
0.00030375072210498814699
0.00047914817594985964965
0.045897866711637133608
0.057107092557609470673
-0.0064001315482659056413
-0.0065428121443329954887
-0.013522814430312214001
0.028085538699482340275
0.0051491168550807896176
0.0022855081887277967426
-0.0007698831971403000303
-0.015249620956421013757
0.026412167926464620582
-0.015100627352698002895
-0.0018498005449939060926
0.00045715919414654834383
-0.0012006725914012795781
-0.016200275049400851557
0.039515774105590817378
-0.044684109722381376573
1.2720166508663819371
0.17910757615149683342
-0.02802214522495592719
-0.0032498223982539544211
-0.0042398289687941865395
0.0024180897495056797447
0.00853758392648607152
0.05213639883831232974
-0.0046386256028249830269
0.034309653172508523811
-0.0041846095793669838003
0.006048201931885331499
-0.031094623870117944764
-0.0086406604454149736616
0.04315682636499135888
0.011834027628626080444
0.015855293874290167511
-0.0085629599041435085216
-0.02196652343120410536
-0.011947764034268492164
-0.00079139829685830563859
0.064197766004370715454
0.066156446595120960152
-0.086976412070797676224
-0.031810486149937887423
-0.072001074869860751115
-0.21578499712041693259
-0.0068457420071915955559
-0.0032378392637441508195
-0.005368120571423119422
-0.01058458469723607201
-0.011752072910848690435
0.018267195557341565221
0.027094700877001332007
-0.045861108675687912994
0.044350565991171576885
-0.006645261999247135086
0.0023527410556193261923
0.011345301396522249407
-0.00062754255366515845557
-0.0004191880206192781207
0.0034984226853779533395
0.0093111261901540603309
0.012530851409453799827
-0.019870376666460316112
-0.005966271869578890219
-0.0031759795971834244542
-0.0057347274137260840013
0.014763942200573615393
-0.0074333366440646492929
0.018245240305726870278
-0.0080092339902444794481
0.0018908340655618375171
0.0010920513331825680396
0.00021248336214665551006
-0.00025603697213647576975
-0.00038782891592296046953
0.035842569967939087727
-0.049259658060703911953
-0.0063159805567817653427
-0.061427562812408714743
-0.0047071775324466942625
0.0039459893999731123632
0.033204273483352114704
-0.023275774678539459805
0.0311100733742542164
0.00029818338741811114276
-0.00036353374846831459271
-0.00034163476128193885758
0.0029219480476604677531
0.0019245291346625529368
-0.0012231724506235382849
0.056217127598657379295
-0.015337207820378380083
0.014558619079775167449
4.1471931685403797322e-05
-9.1715202034497460997e-05
-7.7970594607037002426e-05
4.4180032166601766611e-05
-0.0020776750972120693051
0.00040279288064771617004
0.021450136685340331216
-0.023379602285333013489
0.0057907320685757907031
0.027312339875227485686
-0.051767796252386324984
-0.042541267967787142756
0.035015987349234035941
0.00076139885746467038385
0.017808917235484150038
-0.071051558524843114184
-0.0049718729751632466038
0.043345938364960423517
0.035640591553275931258
-0.0032367286789014150343
0.064164439759513136607
-0.049044615242822622858
-0.0090994614549576094409
-0.029651882591074620737
0.0048790712418096179176
-0.029264658879646320011
-0.012889640885818048205
0.0052076731462734823785
-0.014799306049170490515
-0.021833982078699316204
-0.0062690898935046941026
-0.0088778278788586052761
0.040173864862015268296
-0.045146107973423228732
-0.02536755301791451811
-0.016895101228248530362
7.6934484786892059246e-05
-2.2134297074107865585e-05
-0.0009748507211794728896
0.0062507379500386242924
0.0423242157597338714
-0.062762277195026056065
0.14244540454170095956
0.020250407194073390821
-0.32393930893649319769
0.27796869267885387922
0.19828986116875202406
-0.079723601079476638653
0.0020124607762229125389
-0.0011723238075443515559
0.00065348418500847107408
0.0021312014800121651011
-0.0059962395317685627735
-0.011454111780612175053
0.0048018902042377947098
-0.0048249337156091240408
0.0022115170146236448265
0.019084259676793769583
-0.002440216372415091213
0.016559890239616764651
-0.0014853579567482247826
1.3019177225483900264e-05
-0.0016856344852582004663
-0.02437801460981614543
0.054474044373655772233
0.032999535859529215143
0.00055388243917264487221
-0.00069813282652469066565
0.0001506270093638603202
0.010668325069901772942
-0.0018243174387593389697
0.018612357253148036768
0.011637800753882036886
-0.0043700122386223783089
0.0061853588224710107438
0.090745644328412936042
-0.060738990264895195703
-0.0010002077097242606171
-0.53198131406425896994
0.18279093879668925626
0.1035661736379337311
0.11170926727879186557
-1.0174607090751750516
-0.272560919891479847
0.0080411607223937059397
0.031013595310567500241
-0.0078945532441216693942
-0.0013630922383399857612
-0.0020376270292606322998
0.00016787711389945961238
-0.0012533417550885739625
-0.00084163571679986715762
-0.006206127071360798865
-0.0012608497273370316161
0.00081442648923648241956
0.00010391590452981832573
-0.01037148318400262989
-0.0031573282720079444245
-0.00043431181028650325511
0.0013627733603671350702
-0.0018842338385213718271
0.00051456299316546901153
-0.00089076537516628211469
-0.0010249560219354135991
0.0018221563122074054507
0.2715119561456817987
0.11684704896737799218
-0.20469350830635932303
0.066975466303097849763
-0.041126018285670459806
-0.048327884309147375874
0.0017951270268055543981
-0.031963232074099220958
0.0083432642478571735628
0.5328907371092641565
-0.18479431923982392316
-0.1029984369768134761
-0.019119881289855991668
-0.025911253230279734927
-0.039194618046311933968
0.0248205062394013104
-0.00099207613504997634903
0.029093320847440373722
-0.024430253634378583383
0.0185863987723197642
0.0054700722727703196546
0.029934205230978942758
-0.05047120478197632959
0.03870450851619894328
0.026710999213278303899
0.0088173234726793125321
0.021233463885431017731
0.00026691906145044836437
0.00047899195810148948458
0.00092580599170514934603
-0.010881937438677095897
0.0087533444834409050717
0.013843577618233170526
-0.019662472137569320801
-0.022749426017357968904
0.010576909859585101673
0.028509530744096685251
0.007993038380234518403
-0.0058115535885433179317
-0.11333598320315425856
-0.088216679071839568249
0.35525337834603082365
0.0411243225063813167
0.02240228161731357831
-0.043704252707875930473
0.23280330711408742106
-0.053647204334078553434
-0.053517963356794470697
0.0092010719908145414264
-0.017114734018277434624
-0.00094483565355594546255
-0.015700638810305492243
0.025247250609844697905
0.012472975806748840336
-0.001255970367649918238
0.001320113999596981072
0.0046627302101611397059
0.00016920268153277888564
0.084501521686083380658
-0.0042954599645409529199
0.0088411600930239780949
0.0031128421129267610373
5.8553957029286731145e-06
-0.0019225796713928414942
0.045338089783410542855
-0.04950074589554671195
-0.0091367029142161229616
-0.013742062656684737171
-0.23980401192565875546
0.029593795918849599702
0.029561754792271608544
0.068679633868328024415
0.0011887229968708952054
-0.0027354177208057956633
-0.0031466756585238871494
0.012410300878749717934
0.0022552601276909756654
-0.0072159146279935446749
-0.024976156979202673164
0.042977612446567697857
0.0096709092869937916814
-0.0037371668539287919257
0.055090932078986742937
-0.056947936960537536011
-0.12763649181569439173
0.097991846711857913399
0.080716397222237806774
0.010624625635491274575
-0.21102169311239102334
0.15492067310844634398
0.017977860848361944951
0.020492626809140088162
0.22751293337974567987
-0.27338755574021816885
-0.23202527968120009727
0.083756179976397157616
-0.0294026089178810561
-0.019399437238190275073
-0.03498143897075522285
0.00036137684900017843235
0.0019281633357812228043
0.00092133697180313744914
0.0015785737023222494013
0.00060988409933098418347
-0.001382117245512222729
-0.025998637151987691318
0.044236552738849070632
0.035487537015490226711
0.081072540646482296745
0.15584916161418641001
-0.092074128766495177967
-0.00011427647812345387551
0.0017790439787101252136
0.0003067527569051886247
-0.0051857105128705000344
0.01789167523575827326
-0.0090202657841666027128
0.00018328894401769939022
0.00024074752173116633052
-2.1257604513259511565e-05
-0.05351290036339646089
0.0040977255239966212455
-0.022992446643155597941
0.019803349330220942209
-0.0073947022302091941146
-0.022583841080113513378
0.014231287684107894048
-0.01762959883204693462
-0.0044459865342620459236
0.03941350641036151653
0.012164921186091151584
0.015670095698662331318
-0.023705534463952151331
0.0085310219589355296838
0.021293125254867643903
0.016026678175914309959
-0.0023243697413415248011
0.0050113149663289138086
-0.039320000357578981098
0.033440141271661227851
0.01736403899943189319
0.0014969228062459494829
-0.0002605575589476774416
0.0024790655113150271253
0.013974021177885561848
-0.0058341345871500997419
0.0063749338101831178049
-0.023204450902387551564
0.031521477452068499825
0.003720142553764135742
-0.028405638971751016875
0.027935094373738447032
0.05307863095501551276
-0.006998786924756715544
0.064051772386567867867
-0.0083591457703414834279
0.00092021893582638870316
0.0050906899829125619103
0.0054228097937871659953
0.018216984755597482454
-0.034394862086268129797
-0.031733133224705500908
-0.0083685235555223062148
-0.0059816067026380965663
0.0036446212752928560177
0.018942990094605201973
0.023484613374380982481
-0.039302537644221209601
-0.10747507230337531581
1.0110721199901915313
0.28208984839953588075
0.040186273379992323851
-0.036299753956169682201
0.039196991416717404111
-0.057905885060733540415
-0.022256409661312620551
-0.051838469576609633171
0.00015443036881481662882
-7.223086995963177126e-07
0.00018264751232351895071
0.066369981843060615878
-0.011126868148368031231
-0.015487387285709631329
0.016050013980079436138
0.035488201604922067767
-0.01872876271416867508
0.028732233690875266102
-0.047150806241379135397
-0.009631688174338666128
-0.0010195309232823954616
0.013685922081448023344
0.0012920268369385483516
-0.00054390693299419549857
0.00066707947719403342095
-0.0019825313888230753495
0.0011007409469139203297
0.062988987199118204319
-0.016287207180123837447
-0.09022537330126237376
0.024899202553091380474
-0.096478358923897070132
-0.0056344457728618587908
-0.0059391809169881994157
-0.011536406549729231671
0.00023906157449987065658
0.00013745526108965700602
0.0011261657578131877878
-0.0021088748791340357
0.0072321910455179650584
-0.0025889559216260723228
-0.21048816009049103881
-0.12825438407614503378
0.23140463719543580279
0.069600848680708732319
-0.026108544338630308712
0.028592930963716282899
