0.093141627259907988634
0.049516146335549723889
-0.0081701676137648365783
-0.071086766557153346913
-0.0059363448839511029353
-0.057670395497066609392
-4.1863982373661010603e-05
-0.00014173731541467085105
-0.00030806905421950779751
0.0093834610111871510907
0.0039902994287481291166
-0.034548517703050472816
-0.00045133112756824694681
0.00078772616567570252679
-0.0012587961780307185995
1.0897764809171335276
0.90776630820248527254
-0.32029845957532465661
-1.0985887116574857281
-0.86112028466384737957
0.29616115493194883346
-0.004080927727918497866
0.0028363067333971947806
0.0013117565895846270731
0.61127601988633495367
-0.027144503171852858714
0.6944951063913746836
-0.036646760993060786826
-0.0015483621930140695298
-0.006275804724136712677
-0.0001472541480077527924
-0.0097218440273711698857
-0.0073102283834250037647
0.0043500002462002959613
-0.022069105705581269078
0.13540265496746489715
0.00081784886683909392008
0.00020072904847960522682
0.0053416317786462753914
0.00038493660218843908996
-0.00012364984194685135722
-0.0005700062724810904969
-0.0004313825494423261203
-0.00045025780569464053009
-0.00040336488602275757248
-0.0001220373794769461336
-0.00017808031772706362861
0.00013349585406048554989
5.2642905359185348656e-05
-0.002106671149746875988
-0.00092505409428371800952
-7.4299198071560727721e-05
-4.3997867020015941561e-05
-0.00021901291632304555426
-0.011950886965184060254
-0.0013562635810555054901
-0.014927128265731276838
-0.01988785693818082706
-0.029568730768068218068
0.019531842763159789483
0.031637908184137225609
0.0075963753388876452052
-0.033485930769239842519
-0.054527394510049433107
0.0069108072416555980239
0.00087800029369392604099
-0.013612811202791980092
0.012231704831308486819
-0.022619826914995835171
-0.031791826279080455386
0.023550700814785538451
-0.00012702649845878002943
-0.056005514620893370736
0.057483448519830331047
0.066367510748571348356
0.00059448528972290610485
-0.00056544735505893598329
-0.0013065950295446215456
0.0029347660274868965502
0.0082402959688570032171
-0.0015920928125410674456
0.00028560903315347175788
-0.0046133667425322802749
-0.0019840285862417319021
-0.024415448633483872315
-0.018005022190534483023
-0.005923656432784123009
0.015457932754721211491
0.022833845534891344942
-0.0041570604853700884873
-0.0042574179505097276693
-0.015505581891788869364
0.0077603052921127006758
-0.00043838040789664206847
-0.006636004863587825417
0.0038231283436033014836
0.028518163829511382346
-0.012963014503705032679
0.0065900148589914508274
0.00095907111274533751386
0.00068376791478883208828
0.0024367883210137039618
-0.034820078951664105993
-0.015543501203553144324
-0.014516878813306382731
0.00054349681736557385343
-0.0021131370857678461253
-0.0036662611485009394957
-0.00078043191032815307801
-0.00072391305644237222573
0.00034614501293675015506
0.044869291437127617472
0.015212348985653224506
-0.045453000022174436245
-0.0041487382967451431198
-0.0096350405889153636213
0.011443957071454253366
-0.0011867680002064886265
0.028225903134260248856
0.048060151210139304134
-0.0038398548472642910281
0.00024664651168062180601
0.00033649099661912077906
0.011412675325583597138
0.0045164115053646074899
0.08108326377788468986
-0.0011902692394577293455
-0.0024094781693543214189
-0.00023653161304210799259
-0.056363081622267906245
-0.027569303965874487894
0.0046194546349016818443
-0.036346298571967576574
0.0055722931796796711795
-0.0052600433104582292737
-0.01337824028178220305
-0.0019171940706681168606
-0.00013660549227588600005
-0.060272838297925068751
-0.027368805721468512926
-0.018474614565388767368
-0.0075000799890716550802
-0.0099459417812644956153
0.0088027708291069407809
-0.00070307670661820195496
-0.0039832381778208197573
0.0013614790439392752529
0.030696504247403607474
0.007459977727672712465
-0.071877945862760819762
-0.0053216271033845246805
-0.0081053599276044857591
0.0039510186716648224362
-0.00010641146742571493643
-0.0089681278951247011405
-0.0020589836030263783048
-0.0011860133604986358019
-0.0037699342132845596771
-0.0052943169360058581902
0.0041234459901131250564
-0.0026263490637371046145
-0.0026838326720656897027
-0.018014138717304388482
-0.020318588729816490501
0.014924217476858967282
-0.054336623616112751656
0.014856848813132770074
-0.041743449863231224528
-0.071910713186424141119
-0.0076551454696217819187
-0.020529504609145515781
-0.043414166436329046372
0.018064339145706917455
-0.01718846921283432097
0.055185760487354421078
-0.0069487013918766837167
0.045665175048453854334
0.0015307503267028203884
-0.0030522984862563439477
0.0086961523616310969914
6.3391658997996095629e-05
-0.0021963151229296802233
0.0013595883810467927592
0.014926853090096250248
-0.027506045323348125853
0.0075607893636327307488
-0.022086402475927441325
-0.018191719988520819312
0.018090121198367843658
0.004558338568965995298
-0.077959669780629722857
0.080085505053110461748
-0.075286089804284750393
-0.010645470293162753381
-0.017786403188548832038
0.020581118741778564596
0.0066823798592412411018
-0.02290706776296025024
-1.0632817598842609494e-05
2.3577493437548282531e-05
-4.479287647291914041e-06
-0.02829085924549946604
-0.012242910935605656395
0.020397085582494450806
-0.00087489166209871757716
0.0001857344287671864767
-0.0003860629133072374054
0.03207204965146192438
0.093490941639950406183
-0.026886998674298917544
-0.058567102586322188074
-0.010679622500890101691
-0.040511772197316060773
0.019640802513013925351
0.0067268394644086583131
-0.009435863277723577705
-0.0104635027458892544
-0.05307821050009187136
0.0051947927029940936527
0.012126041458106188997
0.007994224950273130445
0.0087898715007981107622
-0.0097093178615925337244
0.0069842926329521676926
-0.020789345146307005446
-0.0021378209796691105028
-0.0011034466518934143639
-0.0013214280430292387348
-1.2045290691658145921
-0.17431598493938205152
0.22575150765276788545
-0.006847506409285492382
-0.00074548000733396912326
-0.00088086468881573597774
-0.064840454625908525155
-0.065091889395488433667
0.086255618875810041724
-0.00034541805334300086606
0.012939139443789200376
0.0060853941237005932177
0.012905415519220976919
0.0067136452098473459529
0.021630904166635756686
0.00077384857608098244538
-0.0019278794065295461017
-0.0082604136553431559142
-0.0061059147943095708547
0.019311389171026104722
0.01430682279838522801
0.02713302611753126356
0.0012078352980749188991
0.00061188332220813183501
-0.00057770192855365596653
0.0028210600040583307287
-0.0019800754707997633014
0.0017289299956677536829
-0.0012129885537868249044
0.0032882650078163888803
-0.020421287965437066869
-0.0017990549104910122467
0.0067940478249490700996
-0.069874205477472819958
0.014913604087470411566
-0.06079641895124306139
0.0070435106939983564006
0.0067524024339204458123
0.0017501993228932197829
-0.0047666286729652418766
0.0088431041305160953958
-2.9893158919517282273e-05
0.001177846160896655562
0.0029547328643780585572
-0.0029418122621982702863
-0.012638169865415587595
0.0014698191300192631811
-0.010726313177417385811
-0.01686066925343788353
0.052421819590729223926
0.028371008333087123499
-0.56099743716238559266
-0.043817672148750444472
-0.76400259006380111249
-0.053112994772853770742
0.0095170242147453124743
-0.0149156739664644232
-0.04318733468814901777
0.031246087126093474717
0.013989474974140964081
-0.01302764767798746115
0.020999059218267678711
-0.036802772450894333245
-0.0020735658784440777654
0.003598443222146664993
-0.00056391049394043698661
-0.0041697379604027839592
-0.053918536365138450273
0.03721114571777654062
0.0012183239121493058457
-0.002201527807800205197
0.00084540973064768784248
0.066936487193803267948
-0.034427766169093938775
-0.012619039090253740543
-0.052493287081683152884
0.019222747212115899595
0.021351252923347420476
0.029613590841853755509
-0.021602183472097902933
-0.016890484755240468134
4.5806654851901906637e-05
0.00025175639165285089091
0.00040936575715295862475
0.045903589691949540919
0.057065068541262954638
-0.0064481584234866171426
-0.0065196643126287350672
-0.013551045194499622415
0.028037738518012774586
0.0051643737020881288341
0.0022227492419665630975
-0.00080447982519685798213
-0.015241447527335218876
0.026381084517409659346
-0.015136772143565528984
-0.001774067837550922979
0.00046553486154678566005
-0.0011910477557231841008
-0.016179885348763054648
0.039502310526374394273
-0.04473106487537122089
1.2720344833010048813
0.17910939899123576313
-0.028017110079969712727
-0.0032203814728052797614
-0.0042958846085591135058
0.0023809055569943503826
0.0086039695428525748977
0.052100076154263028072
-0.0046566935888955407821
0.034384234856554819759
-0.0041742472932027960969
0.0060343918796844624869
-0.031042259658897088798
-0.0086445227528501554504
0.043157048243109084884
0.011880488430630083488
0.015849938601561516793
-0.0085781181237769271036
-0.021945340457583509958
-0.011965431829438540751
-0.00082041003577954484116
0.064205562945397851027
0.066079231617448094815
-0.086998454282654333336
-0.031804350946972627379
-0.072002465261203282831
-0.21578708615681907457
-0.0068133754060363677096
-0.0032260254565540037903
-0.0054099262309207224453
-0.010531800752451392009
-0.011751095993395067191
0.018243366034627398614
0.02709806144819965415
-0.045893275344031592144
0.04430231745938807697
-0.0066164254809064704591
0.0023214329934312192411
0.011284747196350738974
-0.00057541143533940304622
-0.00038672098976815871916
0.0034765382197659436617
0.009280562610626635206
0.01256111326162345429
-0.019849798418912732723
-0.0059986459590848171392
-0.003175278850102860196
-0.0056815656452940893964
0.014762102929650917915
-0.0074198032193407920457
0.018262768704762791933
-0.0080374618068799717763
0.0019291607430066710221
0.0011058711977874528896
0.00017883929634740939403
-0.00017946557973052971232
-0.00035840671051306214646
0.035798536629018141986
-0.049246587605883518357
-0.0062964489207424853556
-0.061451319031996375075
-0.0046887106381585715725
0.0039753665672803348285
0.033169598616408335623
-0.023257400980001629448
0.031140287639290300387
0.00022887803016752466027
-0.00031925990847309375018
-0.00031919004371699525929
0.0028517603508473074285
0.0019470266412751795811
-0.0012142026031580633715
0.056181596772322123234
-0.015286837569871154774
0.014570293273205836213
6.2694343437468529005e-06
-1.0295665440047601928e-05
-1.651350399371309918e-05
2.8427048018721900151e-05
-0.0020266156567331924075
0.00038936208475154852893
0.021411510781767315731
-0.023360954899822383019
0.0058316668311243760256
0.02731596559830081275
-0.05170639373752377449
-0.042509756407615714724
0.034976564793719265578
0.00076569772863137330627
0.017821449055005295081
-0.071070565342386690655
-0.0049578008329586691072
0.043351276605178699908
0.035646891673150507551
-0.003177516618348343036
0.064184958350958970508
-0.049073624126569001525
-0.0090800548071914826548
-0.029609334048830364405
0.004856752145680554196
-0.029238179581026417508
-0.012884274027326527573
0.0052004684285551277742
-0.014788632916953424121
-0.0218066079007038921
-0.0062467152813115911156
-0.0088710163217208658909
0.040162915071636773323
-0.045170804358816249446
-0.025315952038701704241
-0.016880829230523964474
5.3971261024161665048e-05
-3.5240830527049532876e-05
-0.00089988678782774132736
0.0062630063018797700949
0.042320061419050515605
-0.062748221900986889121
0.14241900971246110319
0.020234565750589714878
-0.32390120855536236322
0.27795563533755152097
0.19828013654823520295
-0.079678997483117561251
0.0019816242011570796809
-0.0011258181193114830034
0.00059336629783853498711
0.0021474059846878289053
-0.005967701258718169019
-0.011484789170750488857
0.0047914526349178612058
-0.0048112108321827573923
0.0021499189542370758695
0.019092514643384298628
-0.0024163948161388284878
0.01651303233444008714
-0.0015003609876406659267
4.8026198393194847861e-05
-0.0017406851953214084149
-0.024380034963350928623
0.054485789630640837911
0.032989403924899941833
0.00047618096344616332814
-0.00065276547256495399442
0.00013354318920343673672
0.010643475099941358472
-0.0017927892171167142919
0.018596102786267946355
0.011603619808414965958
-0.0043313443634902569837
0.0061831410245467470846
0.090715520584879444366
-0.060724801381272924816
-0.00099285234700484674593
-0.53200855324768780985
0.18285476025033656211
0.1035256982734026332
0.11163894879766449175
-1.0174392749508491818
-0.27261650455929620218
0.0080109058868014868665
0.03101317411910793978
-0.0079011234367780177473
-0.0014201103343108479205
-0.0020045529525042934775
0.00017247837724883847521
-0.0013204635904349947516
-0.00081383007556700705763
-0.0062430645530590113401
-0.0012692068148074111492
0.00086069395734126685586
7.2189314497954029009e-05
-0.010384008732375535344
-0.0031153827819200984213
-0.00042797617408278231139
0.0013178290536990894082
-0.0018193712836423311593
0.00052260585165965988373
-0.00089260194055101860743
-0.0009529362775994707933
0.0018261003902945971943
0.27147087892237720119
0.11685157900449960611
-0.20469503460567223252
0.066993614758410785504
-0.041091753767866515124
-0.048339544669070151628
0.0017915617488723490063
-0.031949715383940827107
0.0083420182011799386829
0.53287054629833174868
-0.18473281316832335097
-0.10304015664775643957
-0.019124580480376299901
-0.025890745153285269625
-0.039203398131117742076
0.024756965615485210241
-0.0010204461463284341186
0.029078811020714852992
-0.024444813191560076093
0.018585091996582470825
0.0054508293793207162475
0.029906727728673577343
-0.050467171259346091383
0.038683935581798285785
0.02669416320969522291
0.0088346816624517553879
0.021224801534391258412
0.00019875691340730551322
0.00050847171056260650687
0.00091315209566289197007
-0.010883919445595096123
0.0087379362130195811081
0.01379192662020948916
-0.019680349062299963558
-0.022716417435534038555
0.010572241063552990578
0.028467953842005913612
0.0079720954337152288849
-0.0057760272369274962695
-0.11336391400377515692
-0.088233660139209510453
0.35529406563687099263
0.041078316952738759549
0.022416409282420245164
-0.043655810966912109161
0.23279002662517428446
-0.053684438637405351713
-0.053520872404068338402
0.0091625378725090321497
-0.017142145994541932441
-0.00093122031173832131926
-0.01572564914272306727
0.025202817944190793881
0.012483841988119430758
-0.0012744887382742510311
0.0012636071073968409111
0.0047158753693451486641
0.00017159146950937581295
0.084458095454550255465
-0.0042975687412526511477
0.0087956069718602824387
0.0031058962099346182177
5.3776279721847431944e-05
-0.0019497740930612351886
0.045344973336974493672
-0.049485869116929176448
-0.0091675592439806122269
-0.013778456527499930578
-0.23978615808212425109
0.02956189415409036722
0.029546903194479695598
0.068705816168171174319
0.001168167493658637526
-0.0027779570992033544678
-0.0030841524646345870424
0.012328978021132353665
0.002234450534298274265
-0.0072088108136278061452
-0.024984522523604883737
0.042959181681064474712
0.009677819775891431664
-0.0037635183670054841477
0.055067492673740274511
-0.056895702479323462253
-0.12765814297615066253
0.097960237978984510132
0.080718110348269367371
0.010624204393874611685
-0.21105398594533106293
0.15491662756039936699
0.017947119401012644191
0.020456384235926241416
0.22754182224808178203
-0.27340438192153004859
-0.23203819912252804381
0.083803341346023324521
-0.029430388279309927652
-0.019407475123628684099
-0.034950396855207836733
0.00030923712234957347316
0.0018700446686254893532
0.00091416442208990011161
0.0015183520625480864414
0.00056265282010672338243
-0.0013705015736258378996
-0.026022764473680615877
0.044243805903334626484
0.035487894825785119834
0.081077873519830756521
0.15582359751319865837
-0.092080431504050819225
-0.00012863614696785260778
0.0017162351550103964286
0.00032596409532100807009
-0.0052150015550466157985
0.017863675909052165874
-0.0089839058893180293031
0.0001461576099699754929
0.00015322035151091884246
-4.0416462831302113359e-05
-0.053515911922284969959
0.0040880053900375972961
-0.02294391598543973898
0.019801761693709920426
-0.0074056069638599140992
-0.02255657460695138089
0.01422644075955937365
-0.017650122475982674142
-0.0044774929267593849627
0.03937396235811388423
0.012174494213082094618
0.015622780236009348523
-0.023697491689677264298
0.0085102763224525410091
0.021267238582673656661
0.016005359566927019471
-0.0023256390432478141889
0.0049658691677940828071
-0.03936593448411612739
0.033404883771670557113
0.017357159565326584633
0.0014740673364697647225
-0.00032934857805990433791
0.0024411649877999789734
0.013961097193857666468
-0.0058591350846243011805
0.0063334154980490449394
-0.023192404065972040128
0.031493656602048891724
0.0037072367734309235113
-0.028406997846635938243
0.027904392863857201135
0.053057355890397027431
-0.0070354683560332129111
0.064046173427259892041
-0.0083449056076517428432
0.00091972934147684082522
0.0050932340199261669222
0.0053636823842571372187
0.018163248362712824946
-0.03442350766784729732
-0.031738357970322234047
-0.0084379870172333892864
-0.0059995345522126253962
0.0036448220950607637669
0.0189234769550782507
0.023438765035058602149
-0.039339616415021365359
-0.10754532867962650344
1.0110970280629758555
0.28203540062629606222
0.04016683022457046004
-0.036333014725078868756
0.039147199569634118232
-0.057927942531344804589
-0.022299052242405425356
-0.051849383917336275274
0.00011762970301761972649
-1.3649126146267033998e-05
9.8806071734559199472e-05
0.066371110850842726658
-0.011145331550353194949
-0.015500224200775283498
0.016007401927715662199
0.035494724761154221315
-0.018698545552377286716
0.028718631097791862822
-0.047160390742836205691
-0.0096228733999973170565
-0.0010585750935041703027
0.013645492608176646582
0.0012970492078164868807
-0.00055923592904106775824
0.00059305664808660847609
-0.0020065015873689385877
0.0010765390562879298842
0.062986173143456378187
-0.016302683183523031946
-0.090231145939403997747
0.024866039528137047487
-0.096488647880758920961
-0.0056444925624848183571
-0.0059451760916012282715
-0.011579829828052374749
0.00022676732779005441001
0.00011713566862524514556
0.001054922865899877429
-0.0021743607326729164422
0.0072377665946762106963
-0.0026394912566824529562
-0.21053378250438706254
-0.12825148765698329845
0.23140658747262182748
0.069588189499264027638
-0.026138790950398532731
0.028575828169252925209
