0.093141720071039671436
0.049516152352874896747
-0.0081700599432601907907
-0.071086670520742495372
-0.00593630001751690832
-0.057670374459153676827
-4.1914357613439666862e-05
-0.00014162632975001486642
-0.00030783978986213529714
0.0093835005580421015914
0.0039903883393589386144
-0.034548613397973049199
-0.0004512156581238382317
0.00078762394404137457769
-0.0012586322657687195117
1.0897846354862692486
0.90777290185601255956
-0.32030059954141471001
-1.0985968604342009058
-0.86112658493514426805
0.29616343628201108329
-0.0040808513615231039109
0.0028362934102039889794
0.0013118968112732064951
0.61128424709532747094
-0.027144378774532480075
0.69450483908583782178
-0.036646720195294447964
-0.0015483120555177844191
-0.0062757406983873689071
-0.00014720783733274415885
-0.0097219405922703300976
-0.0073100038738306361355
0.0043496104636760579004
-0.022069012931338172212
0.13540401188485967632
0.00081788235655688170354
0.00020072821769431814509
0.0053417069936820653353
0.00038494830578335580444
-0.00012361147749078739422
-0.00056966176263337263766
-0.00043109521039112774256
-0.00045012460320077273945
-0.00040331040825766501911
-0.00012183553749750313173
-0.00017767861592206946595
0.0001335114331443162342
5.2684221860485114849e-05
-0.0021066139190960954733
-0.00092493467414777816044
-7.4039952163771412686e-05
-4.3537367574566697653e-05
-0.00021884025070295588453
-0.011950903666660645658
-0.001356245756886997585
-0.014927104524994001464
-0.019887807484035423256
-0.029568704332331163798
0.019532000270427275074
0.031637702427918523718
0.0075966456697647045948
-0.03348619184153952405
-0.054527494470957837969
0.0069109847462550831262
0.00087804482555078465934
-0.013612593980746824987
0.012231559423611744128
-0.02261952991922432446
-0.031791762893135885881
0.023550703011707346118
-0.00012709386409874001418
-0.056005333208111657273
0.057483619466214823379
0.066367381415457504801
0.00059446791259287854337
-0.00056521201331336857771
-0.0013063662371117959037
0.0029347791638475364401
0.0082404575694125757612
-0.001592100216010847169
0.00028560764223787161314
-0.0046133459292916458375
-0.0019840298120197444147
-0.024415443263898519571
-0.018005058286330987566
-0.0059237408852868319448
0.015457879406965156777
0.022833789651650390068
-0.0041570508598035736322
-0.0042573180699641685262
-0.01550561277872565015
0.0077603189234761874374
-0.00043831779092583667695
-0.006636019767164430018
0.0038231276692637775928
0.028517989873774185483
-0.01296310634745748841
0.006589942319112369884
0.00095899356227186079681
0.00068391609623835746858
0.002436491415941066576
-0.034820049396743948944
-0.015543454926554373108
-0.014516918692810749925
0.00054350440117941097289
-0.0021131345639635113268
-0.0036662782212535404737
-0.00078043710742530382311
-0.00072366376879633164971
0.00034578038635411950013
0.044869199201690260215
0.015212423930234329761
-0.045453062890416430497
-0.0041486657765605608125
-0.0096349897920377149813
0.011443804007217811547
-0.0011867770986797492386
0.02822591553709045617
0.048060192584451814912
-0.0038395982566364061928
0.00024675580629019295545
0.00033642713606852210064
0.011412702329425499295
0.0045164493904374155425
0.081083182486213892237
-0.0011900189385281158359
-0.0024092952552056726666
-0.00023657848660256139677
-0.056362922504015595948
-0.027569329345693317779
0.0046193276966505153816
-0.036345840005299910602
0.0055723226928075944922
-0.0052601100618826267599
-0.01337808826375747745
-0.0019171288971943870744
-0.00013655350686777282957
-0.060275058353005880885
-0.027369396516314530021
-0.018475832323958957942
-0.0074999790696839482157
-0.0099458244261918741375
0.0088026898461159314851
-0.00070298236328147835784
-0.0039831201328699690836
0.0013614643935888454899
0.030696700447327040367
0.0074603135321827333121
-0.071878600015990126715
-0.005321604460626822887
-0.0081051431212740554511
0.0039510143122524618228
-0.00010638307330323963228
-0.0089680385389033136917
-0.0020590208532817212694
-0.0011859117091384792711
-0.003769832741106677633
-0.0052943105377062380304
0.0041233681379571306136
-0.0026260130694730340548
-0.0026837745918294004729
-0.01801424289080245586
-0.020318602798534268067
0.014924393178685104247
-0.054336539045959704464
0.014856832638591563681
-0.041743501331115734354
-0.071910737664821006154
-0.0076550920670556549252
-0.020529453959849640332
-0.043414270396659661311
0.01806430036161603761
-0.017188553920362750066
0.055188173188702095706
-0.0069480583314732629122
0.045666412357768526586
0.0015307956751972966701
-0.0030521657296946392603
0.0086960716973949366004
6.3351199744347212305e-05
-0.0021962600604889205222
0.0013595313421381545905
0.014926838121870161097
-0.027506092432048826618
0.007560768118986372667
-0.022086272772526484298
-0.018191617080835099235
0.018090052685672274729
0.0045583329003784055222
-0.077959577628688880857
0.080085445548939357407
-0.0752857330625123361
-0.010645482034835613075
-0.017786401208640927746
0.020581228239398952073
0.0066823710599836763299
-0.022907086957147122092
-1.0552032429158757421e-05
2.2927025389129020611e-05
-4.1174932531931310832e-06
-0.028290920314975678135
-0.012242976964837585727
0.020397201435164356159
-0.00087488422051157518043
0.00018559142130489429743
-0.00038598688315912433721
0.03207217812050731226
0.09349116841529087063
-0.026887037675294475636
-0.05856663486242939809
-0.010679155432596655617
-0.040511165823736830505
0.019640897461704269478
0.0067265904783822090193
-0.0094357327953407139215
-0.010463153408280724543
-0.05307803621404376393
0.0051946884671249630994
0.012126119069142243453
0.0079941726456937579198
0.0087899232444178573148
-0.0097092505785898886722
0.0069842682208949690564
-0.020789227101330978731
-0.0021375724985042005022
-0.0011036063426782501736
-0.0013213226000589736384
-1.2045555340556248769
-0.17431897314409394717
0.22575710744537469399
-0.0068473320018532807946
-0.00074554705692035118641
-0.00088081519894738858137
-0.064839002923739508244
-0.06509081571824483492
0.086253652798787314171
-0.0003453097548374771072
0.012939082363967185571
0.0060854350846437695738
0.012905372485188613269
0.0067136226121381412102
0.021630824793566549163
0.00077392565289825961377
-0.0019278724910594797169
-0.0082602390084237104634
-0.0061058883796463615107
0.019311449901092726106
0.01430682706222892453
0.027133191532400287999
0.0012078337477471768474
0.00061193538548814734555
-0.00057749916098604196953
0.0028208227485849203531
-0.0019801070570835250205
0.0017290573150888556044
-0.0012131326417498132422
0.0032883065925516843236
-0.020420958696574523228
-0.0017992754653134985891
0.0067941070558126710754
-0.069873942046883338874
0.014913937053281126413
-0.060796302433721048641
0.0070435115492159128953
0.0067522804335368984824
0.0017503247784607890367
-0.0047665566402952915318
0.0088429043275930936663
-2.9654529509925257077e-05
0.0011777193906792697824
0.0029543097787731423427
-0.0029414329894352779678
-0.012638113606725323926
0.0014698156475717154019
-0.010726255580150679744
-0.016860923065848888724
0.05242125875354750747
0.028370609486754683193
-0.56100577231545700752
-0.043817924868729686561
-0.76401208251580643438
-0.053113094110367228828
0.0095169695480465145432
-0.014915714673097409462
-0.043187318211048229821
0.031245770823989355014
0.013989636285956006875
-0.013027655790623609081
0.020998800625605315573
-0.036802468779740887816
-0.0020733821971282264188
0.0035981189530333167366
-0.00056404078131414242623
-0.0041696196648519793029
-0.053918536546834754108
0.037211243804281195213
0.0012184413825207778687
-0.0022016674223188483286
0.00084536422628884782746
0.066936547789575667755
-0.034427875715626637954
-0.012619014429114448414
-0.052493255731446877843
0.019222663260356352005
0.021351177981666233374
0.029613551643225238807
-0.021602173774627683733
-0.01689041584526390985
4.5863600470140445861e-05
0.00025149780357658704788
0.00040901221116534084874
0.045903534356990599585
0.057065371053288960201
-0.0064482772314177925696
-0.0065196064275220306367
-0.013550858960098123226
0.028037271364117634376
0.0051644229059949198213
0.0022225518106626760036
-0.00080456049047901271893
-0.015241407034911303234
0.026381064475646098105
-0.015136685542454269421
-0.0017738079106666736554
0.00046555778832337778262
-0.0011910133013646206392
-0.016179821716235682355
0.039502223024001366369
-0.04473112125460904781
1.2720617671687894923
0.17911329239569256933
-0.028017837448979978493
-0.0032202612815028972514
-0.004296073121688574227
0.0023808072826703723275
0.0086041691735373841687
0.052099535950433817355
-0.0046567267300503360772
0.034384449350580006954
-0.0041742094316779259494
0.0060343203157314229124
-0.03104210544437008279
-0.0086446497755735922375
0.043157051723474164351
0.011880567876756552639
0.015849933474221585689
-0.008578165745587878338
-0.021945286549407326537
-0.011965437572730330817
-0.00082043221976451274815
0.064204177108852678035
0.066077452448414605857
-0.0869965954112879164
-0.031805292297372458887
-0.072003504020223180193
-0.21579199119664352335
-0.0068133347707797506723
-0.0032260123869951359138
-0.0054100125357364105966
-0.010531695963063638158
-0.011751109872638360043
0.018243340023842084807
0.027098115552117722077
-0.045893715593594293367
0.0443021746534183955
-0.0066163251647963225791
0.0023213328692846904068
0.011284559056578031752
-0.00057528194162412369522
-0.00038662778441049956398
0.0034764702520110549872
0.0092803072485524423091
0.012560447596139400622
-0.019849212634955620826
-0.0059987055054851147126
-0.0031752648963556087854
-0.0056814452814346822276
0.014762194672937571302
-0.0074197831812230826548
0.018262712095770329557
-0.0080372529284971159363
0.0019299110011987217605
0.001105320364703660848
0.00017866676812890703815
-0.00017905936176626304521
-0.00035826334263829441411
0.035798500937234530028
-0.049246461140747495311
-0.0062963499193465976775
-0.061451241847433668575
-0.0046886922787596268733
0.0039754030335743097482
0.033169438432259716609
-0.023257356362538662148
0.031140260160144705992
0.00022855283281336232957
-0.0003190414995977476631
-0.00031908630191500319834
0.0028515205763889029354
0.0019471131160582449277
-0.0012141800649500371356
0.056181390109009805844
-0.01528666502418733926
0.014570270832504212885
5.9494129085662516651e-06
-9.5733028502262588685e-06
-1.5970741545697294964e-05
2.8392997022667322506e-05
-0.0020265032682979747941
0.00038933657786404209968
0.021411687409041365443
-0.023360848383411538659
0.0058317533343423518313
0.027315970079581062407
-0.051706256289840095419
-0.042509500525892675304
0.034976579007729741155
0.00076566227479582537902
0.017821442619826821652
-0.071070647332172984245
-0.004958019440147625953
0.043351162018886932326
0.035647053385368616951
-0.0031773947613085648523
0.064184877608022411488
-0.049073877406551925928
-0.0090800303957893849921
-0.029609326119340494132
0.0048567106250533322032
-0.029238225256921140244
-0.012884262910312841224
0.0052004516626080656699
-0.014788579863505216597
-0.021806598039316872628
-0.0062467339167138740547
-0.0088710516370856945523
0.040162957660493422973
-0.045170742510382111412
-0.02531583160668614968
-0.016880789461976627303
5.3881520751475810041e-05
-3.5281199186525024551e-05
-0.00089956518448341331144
0.0062631907258467872657
0.042320089346604944369
-0.062748255479659259537
0.14242031360575968524
0.020234984112529129374
-0.32390393114195475954
0.27795589725409786119
0.19828024934965243764
-0.079678978549031428957
0.0019815034508214386839
-0.0011256185746415891917
0.00059313443306160474125
0.002147434257188955177
-0.0059676619516036222626
-0.011484792421622438963
0.0047914238858547189559
-0.0048111666203145362491
0.0021497874594039361254
0.019092382832386955993
-0.0024163958396672259414
0.016512829274700532856
-0.0015004010920661914243
4.8131215675047391771e-05
-0.0017408189606316812857
-0.024379937833542163206
0.054485501769259245264
0.032989206193279413393
0.00047575888069423466964
-0.00065251374981411223997
0.00013345103433968667295
0.010643480439037457733
-0.0017927610102609189881
0.018596132418060330738
0.011603568936958089108
-0.0043312739048028533681
0.0061831574931484065485
0.09071542364441048667
-0.060724749884440001879
-0.00099293246449091402024
-0.53201165391260585302
0.18285605455529915786
0.10352612510547486158
0.11163983956254852625
-1.0174508376254092212
-0.27261998509069840235
0.0080109635695744096234
0.031013086867426528648
-0.0079012135009944636094
-0.0014202371205547840126
-0.0020044538633394526697
0.00017248636470960145581
-0.0013207455951792864031
-0.00081371206086572930426
-0.006243233298398107381
-0.0012692256000533051318
0.00086079456442266107357
7.2129492035425004206e-05
-0.010384037830441361985
-0.0031153024675575490161
-0.00042794670398204080536
0.0013176507790992983849
-0.0018191017254462586716
0.00052262914574635805677
-0.00089258226814660631895
-0.00095272297903790275405
0.0018260960279359321392
0.27147163122213402442
0.11685207608674995361
-0.20469578871673643761
0.066993710261140468343
-0.041091988540678379971
-0.048340313164520899714
0.0017912406289123982209
-0.031948187109322200017
0.0083405688681553579594
0.53287346448842176638
-0.18473360435629995746
-0.10304089030154375828
-0.019124237539077146297
-0.025891958239143378351
-0.039201769866260213759
0.024756865962520854113
-0.001020533612282503895
0.029078880014465777193
-0.02444502969105513332
0.018584994632599265152
0.0054509272046734443679
0.029906701991663033752
-0.05046709873800268864
0.038683855965439072067
0.026694020557638035301
0.0088346332460655947055
0.021224759089889737307
0.00019852392092112655783
0.00050858239905122754488
0.00091310451097609344594
-0.010883918483913573513
0.0087379123142002131791
0.013791870928613305519
-0.019680378347111948667
-0.022716361977484323537
0.010572198987238207515
0.028467841198918885509
0.0079720564309301612804
-0.0057759722801419104143
-0.11336520861501216129
-0.088234110874250204493
0.35529688965880734663
0.041078153654466993683
0.022416446975145637444
-0.043655638831095522345
0.2327921959292145182
-0.053684225897077789136
-0.053520091488796932289
0.0091625002021022382281
-0.017142155611929700554
-0.00093119351491422570552
-0.01572571475302017574
0.025202803088358954886
0.012483895046256063277
-0.0012745483133347274354
0.0012633677233920353414
0.004716083978114685854
0.00017137280920129330545
0.084457663538372043655
-0.0042977189947994119679
0.0087954781297831415021
0.0031058791471331652183
5.389133639536128345e-05
-0.0019498314782337717709
0.045344911456587651266
-0.049485832974277728369
-0.0091673361043486528699
-0.013778514860769495998
-0.23978320901758704009
0.02956193066434169639
0.029547009955765174416
0.068705882532297465892
0.0011680992585538976097
-0.0027781439731427021167
-0.0030839195019430006885
0.012328587948579237954
0.0022343517913558466094
-0.0072087871025985862314
-0.024984554643805445551
0.042959227104106330331
0.009677828388980345628
-0.0037635834372756115859
0.055067354967406514921
-0.056895523789940352644
-0.12765892718543644935
0.097960833185156873104
0.080718612683861865054
0.010626597768550525083
-0.21105388347333284282
0.15491907231501775288
0.017946849524144867227
0.020456208046044938725
0.22753880745606092084
-0.27340455073011898923
-0.23203832057905310338
0.083803434387774919379
-0.029430460797629558189
-0.019407585713515276143
-0.034950488380413632927
0.00030904259445026509463
0.0018698189796126933517
0.00091413954482127209207
0.0015181355998192507927
0.00056246606179936355085
-0.0013704673857430015559
-0.026022618451599380252
0.044244114589400959647
0.035488092834352780169
0.081077722166775056944
0.15582357227314763692
-0.09208036406707063859
-0.00012865699694580528373
0.0017160531339978596192
0.00032601256458802827442
-0.0052150077427432295699
0.017863718743820786866
-0.0089838158157824008626
0.00014592434902572541601
0.00015264276334843904464
-4.053039185129025967e-05
-0.05351601154617924988
0.0040880088063939175325
-0.022943902705719096402
0.019801787158925922283
-0.0074056134341817219519
-0.022556597674531386755
0.014226398745536262408
-0.017650160179961474349
-0.0044775531411414002184
0.039373797371313190574
0.012174502755320207661
0.015622642182281726991
-0.023697514050539558034
0.0085101946576234457215
0.021267203381889955571
0.016005294462465100708
-0.0023256137069585900053
0.0049658050115334497615
-0.039365842119994991222
0.033404673404531473602
0.017357135239017960904
0.001473970268051518059
-0.00032963820914622051503
0.0024410249916266466529
0.013961117413130783374
-0.0058591535937460815717
0.0063334026249741263992
-0.023192362129764498846
0.031493646943150960249
0.0037071699755029290449
-0.028407013775210043782
0.027904358372388693432
0.053057246053620006621
-0.0070354831561544751289
0.064046134921487946068
-0.0083448960228537615025
0.000919745822938165228
0.0050932384075907813706
0.0053635877004739240456
0.018162882707626743645
-0.034423420328260991019
-0.0317384509607579815
-0.0084381822198260833523
-0.0059995886232532148058
0.0036447963843961655658
0.018923515195009728979
0.023438757905478797144
-0.039339822224773349224
-0.10754695698472910292
1.0111088333373903225
0.28203831723427147393
0.0401666989897031812
-0.036332917451085522398
0.039147019047047530715
-0.057929342797563621037
-0.022299948339338380304
-0.051850707609102229811
0.0001173998360646928788
-1.3728710722549983665e-05
9.8326395523265920206e-05
0.066371209707836387182
-0.011145352712938700127
-0.015500117749870936934
0.016007326216059276913
0.035494703720950281089
-0.018698510683360453077
0.028718667599754988534
-0.04716045494020755513
-0.0096228884630603778172
-0.0010586464047258534182
0.013645404723236156594
0.0012970188946135100504
-0.00055928651671355072896
0.00059276494892968804688
-0.0020065713801404073957
0.001076592507845661054
0.062986143714275216743
-0.016302599243870456031
-0.090233107487904140598
0.024865651863441452785
-0.09649054570370269035
-0.0056444587803314840921
-0.00594520366898627136
-0.01157985205651230684
0.00022672318689566554688
0.00011707528192157901764
0.0010546889757104835686
-0.0021746449275848369481
0.0072377866093339786324
-0.0026397037180006018703
-0.21053469409126457368
-0.12825195128327301908
0.23140727640224978412
0.069587763474798031149
-0.026138506804549287155
0.028575313690687026424
