0.093141660088387132066
0.049516165396999031745
-0.0081700752937710306723
-0.071086749351811681641
-0.005936335694602264644
-0.057670397739003544102
-4.1914247906110853792e-05
-0.00014162636057155452286
-0.00030783987820300295858
0.0093834731045845977404
0.0039903267592351259266
-0.034548531752913398674
-0.00045121562115707307926
0.00078762268167788143484
-0.0012586325510153277465
1.0897762007164053522
0.90776617825805150375
-0.32029828519035052903
-1.0985884075088956369
-0.86111993601625824724
0.29616114675029131531
-0.0040808428950966273499
0.0028362860384920835811
0.0013118908339059716373
0.61127593437077443195
-0.027144544032325513411
0.69449491698451626398
-0.036646666444722503231
-0.001548310482649241978
-0.0062757324949308237669
-0.00014721424444533854053
-0.0097219614030809656247
-0.0073100176611736863638
0.004350073689967626743
-0.022069056543221096667
0.13540232880545449712
0.00081788216590179406602
0.00020073056514664517746
0.0053417062422648278752
0.00038494936846822467181
-0.00012361163306105754775
-0.00056966257300777064891
-0.00043109504298090561012
-0.00045012504752674935889
-0.00040331044661533091249
-0.00012183550730920598428
-0.00017767865608654215227
0.00013351132072192135446
5.2684227885581098232e-05
-0.0021066171362865977572
-0.00092493478941617791184
-7.4039925333292791508e-05
-4.3537365369104308874e-05
-0.00021884014035888381595
-0.011950856721592790013
-0.0013562599226454802662
-0.014927110799941065156
-0.019887835029481260724
-0.029568703727562886674
0.019531902730489825171
0.031637769245686592212
0.0075965855376784983954
-0.033486120379026068639
-0.054527319003657731544
0.0069109550206403027109
0.00087806583594636023263
-0.013612437194790386746
0.012231505040815486562
-0.022619608792079363285
-0.03179182400023140842
0.023550746804023674902
-0.00012703247715826915406
-0.056005519963785076187
0.057483725527294998736
0.066367453895377598316
0.00059446711892786484235
-0.00056521135095679252407
-0.0013063647467408325432
0.0029347710137387328887
0.0082404193767564599266
-0.0015920927546765710481
0.00028560963548157207751
-0.0046133546544672625681
-0.0019840284796755515428
-0.024415416038999725873
-0.018004997639389470204
-0.0059237107755364748832
0.015457928531340826492
0.022833843619150237525
-0.0041570545753360993793
-0.0042573283529610591452
-0.015505638413641012474
0.0077603813876538311339
-0.00043839421309154749055
-0.0066360061699254164688
0.0038231382345443563897
0.028518367702913161033
-0.012963039470899460903
0.0065900266902801261579
0.00095899549262847298345
0.00068391684248494239405
0.0024364950518521930056
-0.034820148493230826392
-0.015543491012189524988
-0.01451696039259023005
0.00054350068500652040301
-0.0021131304879693159522
-0.003666279250596882807
-0.00078043831386829425403
-0.0007236647893760632692
0.00034578080456535798069
0.044869252717617207071
0.015212368394145811892
-0.045453021355729011921
-0.0041486720709427386128
-0.009634999130662813896
0.011443808810651772898
-0.0011867557042495777662
0.028225929069552620904
0.048060124014109473212
-0.003839603808085737674
0.00024675090819562526569
0.00033642110650517224532
0.011412720818277898027
0.0045163540790903958927
0.081083163269927205352
-0.0011900197522521900693
-0.0024092926813340186619
-0.00023657856542428788629
-0.056362986141086326985
-0.027569289827792945596
0.0046193600058707044026
-0.036345782301865435515
0.0055723138975503428219
-0.0052601012375318159306
-0.013378193042229327703
-0.0019171273158109236601
-0.00013657468361734804302
-0.060273342873600102565
-0.027368914598911178726
-0.018474930882813316024
-0.0075000032066123425642
-0.009945850867259452624
0.008802703560654517867
-0.00070298473132860968098
-0.0039831169538644788097
0.0013614610011941905877
0.030696478740974579569
0.0074599807911809173921
-0.071877673580473130932
-0.0053215858411870290909
-0.0081051150985066971327
0.0039510006527200096371
-0.00010638243742720438834
-0.0089680434844894504898
-0.0020590228146514168335
-0.0011859103569459984555
-0.0037698352438869241372
-0.0052943039936249941188
0.0041233820644700873437
-0.0026260202633511717761
-0.002683784240607402314
-0.018014145511677934902
-0.020318595306194068423
0.014924262579220600941
-0.054336618229411437486
0.014856890152708478875
-0.041743456528677336248
-0.071910729709774592888
-0.0076551657047841193196
-0.020529512212399552568
-0.043414182334447382061
0.018064344423154552605
-0.017188490186442209606
0.055186426731246809863
-0.0069485060600381612014
0.045665476747524004486
0.0015307955692553428927
-0.0030521679815540699553
0.0086960737687911578153
6.3352434786378815043e-05
-0.0021962572306918701909
0.0013595338339744880013
0.014926859101464552693
-0.027506046272247109546
0.0075607435829620241174
-0.022086521553293856496
-0.01819181220233780788
0.018090184799668816013
0.0045583693415316463293
-0.077959619375200850389
0.080085464629086056121
-0.075286111244983369706
-0.010645457106728118193
-0.017786417793733865639
0.020581143869613120756
0.0066823337540248039026
-0.022907000242415705843
-1.0552029289588761365e-05
2.2927026998833320261e-05
-4.117493935760257479e-06
-0.028290830357813399887
-0.012242939922514928588
0.020397131889534458882
-0.00087488417706398818093
0.00018559263665905462604
-0.000385984649554839247
0.03207212057800865046
0.093490970735725542617
-0.026886987932002340967
-0.05856700499502131424
-0.010679706684704160305
-0.040511728929576301672
0.019640968158198483795
0.0067266092225093171084
-0.0094357590556152504124
-0.010463340261269793788
-0.053079122726527039333
0.0051947867610103639485
0.01212610659484753689
0.0079941752452489123898
0.0087899224173290692319
-0.0097093013547922667889
0.0069842646541284410938
-0.020789314858920153462
-0.0021375709030891903301
-0.0011036006719119756479
-0.0013213243705640998274
-1.2045299776825009186
-0.17431607875517066142
0.22575182175906116644
-0.0068473253439465253667
-0.00074554942692018667545
-0.00088081034849628878428
-0.064839849009778544042
-0.065091676832432540656
0.086254791641647066136
-0.00034531972191736054522
0.012939090874083326865
0.0060854198634799957363
0.012905413111803966386
0.0067136261713621851743
0.021630900205806612852
0.00077391660301726072652
-0.0019278640007628577123
-0.0082602307644924870267
-0.0061058896454460002273
0.01931138033074688079
0.014306794264607644238
0.027132915214092768325
0.0012079509095436146392
0.00061193242016031076762
-0.00057749997737106849912
0.0028208230192299965818
-0.0019801083799612169585
0.0017290545118813296921
-0.0012131305648042352632
0.0032883050966406057215
-0.020421028262283816984
-0.0017992973180327935089
0.0067941353306811488877
-0.069874119894882569248
0.01491370320756491355
-0.060796386957560413777
0.007043533737786488412
0.0067522974265259091964
0.0017503356161700314459
-0.0047665656520697388676
0.008842918769373077359
-2.9655911801906235502e-05
0.0011777204378510385679
0.0029543127459692422772
-0.0029414355561070445848
-0.012638144787683618445
0.0014698227528918688268
-0.010726281167353215323
-0.016860530864081561819
0.052421759791904928849
0.028371089669887140927
-0.56099725515562182121
-0.043817683172342331011
-0.76400239550989279547
-0.053113023859103845881
0.0095170117101960362282
-0.014915688667105129681
-0.043187380149240818528
0.031245983222678123947
0.013989447459843613181
-0.013027615540808726996
0.02099906824890420895
-0.036802937777612787507
-0.0020733796231139629655
0.0035981138439120990621
-0.0005640394855877866806
-0.004169758464522304274
-0.053918640190942307422
0.037211188726491317702
0.0012184416473036180535
-0.0022016687147525721736
0.00084536336597901458063
0.066936543316924182467
-0.034427801789937255428
-0.012618976620313337653
-0.052493262258112252661
0.019222644472431025392
0.021351156037028293233
0.029613604980363535113
-0.021602168355147575995
-0.016890461388695734296
4.5863452056268691015e-05
0.00025149778260765386084
0.00040901220449139830864
0.045903598861466075876
0.057065106708164455018
-0.0064482363235007153501
-0.0065196296240655621235
-0.013551143603383747349
0.028037778951779737668
0.0051644411371422668106
0.0022225593587438408766
-0.00080456403096199459544
-0.015241447706608037688
0.026381054633850608421
-0.015136802975183386716
-0.0017738104342377950407
0.00046555894920219484823
-0.001191014236778021023
-0.016179861243249046149
0.039502315577164812122
-0.044731161084429781061
1.2720354111441170009
0.17910946488157772349
-0.028017065549868269692
-0.0032202810495951046839
-0.0042960742838151566927
0.0023808114337329840289
0.0086043549801469564747
0.052100622529974813246
-0.004656825285915569719
0.034384391123642048249
-0.0041741965669637075623
0.0060343114110894702923
-0.031042086246065036387
-0.0086447635126932209637
0.043157155466788436893
0.01188057116125960759
0.015849939555723471102
-0.008578155000171606287
-0.021945346248000121431
-0.011965452799594628042
-0.00082042409364351963266
0.064205023866481830686
0.066078313679405739633
-0.086997734213378197232
-0.031804421820300257662
-0.072002559470661836594
-0.21578740024912695938
-0.0068133207772174851288
-0.0032260003783841123721
-0.0054100004078261225773
-0.010531697631744848728
-0.011751111037033842854
0.018243340566650757817
0.027098097253763626241
-0.045893434948603581414
0.044302275350860301217
-0.0066163149609845713084
0.0023213299264112103454
0.011284541500710549775
-0.00057526988832552815138
-0.00038662938981739005187
0.0034764752828692971343
0.0092805936938795442759
0.012561380708424539979
-0.019849959221169541368
-0.0059987136407823622025
-0.0031752691262070796042
-0.0056814501271853501407
0.014762145699349849687
-0.0074197949517745319728
0.018262752384835188174
-0.0080375558493570968543
0.0019290065053340263966
0.0011060590999881164762
0.00017866648096036359043
-0.00017905947655482982637
-0.00035826324418437410476
0.035798495758452238136
-0.049246529878216510623
-0.0062964107297316411135
-0.061451353579702078234
-0.0046886895517547801104
0.0039754011412939356876
0.033169550827855928676
-0.023257375296601375675
0.031140295152688620556
0.00022855267902513153586
-0.00031904127569775715548
-0.0003190860387603662281
0.0028515265592853151697
0.0019471170467404565023
-0.0012141806127216477583
0.056181558062690525879
-0.015286689470227163637
0.014570321243288940002
5.9494171660860119236e-06
-9.5733086842337862256e-06
-1.5970751298917065407e-05
2.8393805478009616063e-05
-0.0020265010000147807082
0.00038933687990031303925
0.021411315202502414351
-0.023360916082727983117
0.0058316990437743826403
0.027315970959191884088
-0.051706193292491618718
-0.04250968284907095246
0.034976500555225921441
0.00076568801331996442627
0.017821431138166674707
-0.071070768158882538512
-0.0049579747621244603037
0.043351154336142082302
0.035646860172486929952
-0.0031773557620134091663
0.064185014187462835489
-0.049073543624216627024
-0.0090799914786000822386
-0.029609246721275007258
0.0048567226670980425535
-0.02923821867142405509
-0.012884245277232808657
0.0052004484562516552562
-0.014788620047956993128
-0.02180660877704593964
-0.0062467176163806181419
-0.0088710265696114853212
0.04016293205158921048
-0.045170904567378426797
-0.025315864584889536532
-0.016880819363186982257
5.3881308083172073115e-05
-3.5281046539309098616e-05
-0.00089956551934078983913
0.006263049655453584337
0.042320111266567650432
-0.062748284818819985431
0.14241986852891305726
0.020234690001374518176
-0.32390285212358066458
0.27795685217740434547
0.19828119845805999844
-0.07967945677962201545
0.0019815038012917984486
-0.0011256191668531064301
0.00059313398592175593967
0.0021474156960195173692
-0.0059676947322587683281
-0.011484888166149297833
0.0047914380888968736635
-0.004811181032667677035
0.002149791683791791707
0.019092504966951071022
-0.0024163561865882822975
0.016512944285940391043
-0.0015004024067741632536
4.8129653029687622962e-05
-0.0017408222235879892113
-0.024380071317018255084
0.054485884360068854992
0.032989534831251096647
0.00047575814503161313737
-0.0006525126812806792808
0.00013345077670299609982
0.010643468915267434438
-0.001792751218136629833
0.018596115195582182261
0.01160356304155048604
-0.0043312689761429244012
0.0061831456823189679534
0.090715589052340797616
-0.060724802376060330045
-0.00099290504006779530845
-0.53200836513484228707
0.18285492226586888553
0.10352548511688938748
0.11163858483243217778
-1.017439172737809816
-0.27261679115681508589
0.0080109618431823213097
0.031013165213903438888
-0.0079011312765954050397
-0.0014202451347266728445
-0.0020044591586498125731
0.00017248765379001350481
-0.0013207426564251947658
-0.00081371043475123060792
-0.006243219135164700985
-0.0012692269615730111375
0.00086079693503220372584
7.2128203527905437355e-05
-0.010384030200536067609
-0.0031153229687818921774
-0.00042797094254096379939
0.0013176534756750061216
-0.001819106049256432071
0.00052263020783216386153
-0.00089260612032685080364
-0.00095270699764725202355
0.0018261088112984625535
0.27147235065722624681
0.11685248675102677396
-0.20469638374262358327
0.066993639456182474401
-0.041091699578918103319
-0.048339504900657602471
0.0017914535737555568797
-0.031949150097029407891
0.0083412622153591752666
0.53287017739578845799
-0.18473247408171303285
-0.10304024875269553185
-0.019124417917190481009
-0.025891386080094495881
-0.039202780875180767706
0.024756801706556755965
-0.0010205340729704936043
0.029078799647197024064
-0.024444734357701319166
0.018585180828457809055
0.0054507719201155047095
0.029906724354920040387
-0.050467175168314032385
0.038683927862742321924
0.026694129235952102075
0.0088346817945217093193
0.021224805815226399641
0.00019852553669892834235
0.00050858180164384215668
0.00091310406582509285808
-0.01088392766747638303
0.0087379329425691775607
0.0137918777355244878
-0.019680363706691565706
-0.022716378776596463096
0.010572202522362935187
0.028467872984086900479
0.0079720465325953220048
-0.0057759627316565434474
-0.113364781606743667
-0.088233967308958410891
0.35529584417348886172
0.041078182892338034604
0.022416470084531285589
-0.043655672543059388657
0.23278822810804006282
-0.053683991615299762878
-0.05352079718849039186
0.0091625123027686827815
-0.017142189396140289359
-0.00093120184750781554491
-0.015725698208408901008
0.025202771349620359254
0.012483872782747157046
-0.0012745477533467393805
0.0012633635763999017526
0.0047160835577839078578
0.00017150103935029595401
0.084457987010690196983
-0.0042976413839286081373
0.0087954897524143149656
0.0031058827081107596123
5.3896231346666155753e-05
-0.0019497462678874563895
0.045344983820910206296
-0.049485857968512833582
-0.0091675034344848253115
-0.01377850357981672165
-0.23978497155158096099
0.02956193317425965042
0.029546951986910388599
0.068705880277000197509
0.0011680985604696763214
-0.002778142001782404457
-0.0030839177567543651567
0.012328604847185514401
0.0022343550139257051419
-0.00720879701902253818
-0.0249845346374296777
0.042959194795968984326
0.0096778216815323371558
-0.003763553467893020546
0.055067437042186889729
-0.056895579326937811837
-0.12765708592135666111
0.09795925352421597232
0.080717318801866250189
0.010625064065463402097
-0.21105391154979635804
0.15491733591091988442
0.017946986711019723842
0.020456281222843639145
0.22754063577111124927
-0.27340558905856515715
-0.23203929924992847122
0.08380390617336647141
-0.029430498789150372901
-0.019407396641490076705
-0.034950506460840580214
0.00030904289770754186104
0.0018698196776797590922
0.0009141374695303584744
0.0015181346319181087453
0.00056246746329284113674
-0.0013704663966919690757
-0.02602268029355290016
0.044244039430156589798
0.035488030992200367275
0.081077908671428070009
0.15582336437943555829
-0.092080493292192630572
-0.00012865947518794150191
0.0017160551627152526976
0.00032601014544378370281
-0.0052150355031177859574
0.017863663556440895208
-0.0089838555559795599259
0.00014592429941581415778
0.00015264268629398906581
-4.0530336623794919343e-05
-0.053515925895478773378
0.0040879930346816037781
-0.02294386649609521725
0.01980174154667658018
-0.0074056096782412466489
-0.022556539524440744754
0.014226412476930095155
-0.01765014929802026164
-0.0044775401511492939413
0.039373895295167889163
0.012174535304897888405
0.015622681660976188087
-0.023697481440861357244
0.0085102509858131728665
0.021267233900026622645
0.016005334211074112583
-0.0023256292050944896328
0.0049658122865103059354
-0.039366012698653141122
0.033404815414289155961
0.01735715266235060561
0.0014739733507905645148
-0.00032964026215690747819
0.0024410302343030147731
0.013961132783807823562
-0.0058591409754101984528
0.0063334238684206170186
-0.023192558364648369063
0.031493682143018376929
0.0037073576442138256141
-0.028406991175496377339
0.027904374089122427338
0.053057303927948142042
-0.0070354877566109292816
0.064046158127345528821
-0.008344900512295843481
0.0009197218056849904835
0.005093249785214777961
0.0053635824419681959671
0.018163111919818310941
-0.034423564485345864439
-0.03173840568128732248
-0.0084382000769456025346
-0.0059995875727420601778
0.0036448140126758479113
0.018923470261652721586
0.023438702773020795439
-0.039339725840526452993
-0.10754570187549672422
1.0110971582660530643
0.28203511344799692129
0.040166781525226263883
-0.036333096690338170798
0.039147090964422752435
-0.057927249492617197135
-0.02229861917785751213
-0.051848674187371414368
0.00011739970852731330931
-1.3728680247619480485e-05
9.8326328492874754197e-05
0.066371163199366811636
-0.01114526393335468768
-0.015500273964325452999
0.016007350835663410049
0.035494745775981072222
-0.018698506950704366081
0.028718645034721126258
-0.047160416046549309688
-0.0096228795062618163042
-0.0010586337859394541559
0.013645417992311420496
0.0012970462404161297622
-0.00055929005368694881435
0.00059276716855086902021
-0.0020065770118117718865
0.0010765656896563500708
0.062986188261453163184
-0.016302695548169945927
-0.090231735226314238596
0.024865954435858074467
-0.096489285092532448007
-0.0056444817804925627447
-0.0059451944750407046889
-0.011579873046428393324
0.00022672312327031332699
0.00011707551210811645119
0.001054688200692496065
-0.0021746473314781149602
0.0072377953473513759533
-0.0026397076622001703836
-0.21053536401037498127
-0.12825234893798015401
0.23140794662911989832
0.069588098000305839697
-0.026138748725616282181
0.028575697307620166049
