0.093141645605998413249
0.049516103295673234708
-0.0081702879135268653005
-0.071086023936804881851
-0.0059364047173387215692
-0.057669221879014007093
-4.1918545381283083917e-05
-0.00014161600784940312826
-0.00030782503628926772112
0.009383439966659412601
0.0039903888485936112734
-0.034548707644769811875
-0.00045120590232103347092
0.00078762495044995659184
-0.0012586377753805941
1.0898324136290238329
0.9078102571333985793
-0.32031342990459865661
-1.0986445813764245116
-0.86116415907559329401
0.29617638649125460626
-0.0040808207856790606333
0.0028362670117139392352
0.0013118815944701521254
0.61130833166476283846
-0.027143682659593749984
0.69453307559457133635
-0.036646772682896538997
-0.001548310150546671057
-0.006275743092953499358
-0.00014722819644024843382
-0.009721953197921188311
-0.00730999710941104483
0.0043476169084165801337
-0.022069134633340172641
0.13541365754983991643
0.00081791203400666874935
0.00020073935720862822667
0.0053417324921537423163
0.00038495041688183103627
-0.000123608979970079246
-0.00056963240393836695082
-0.00043107353071807779938
-0.00045011571380535760458
-0.00040330524369450724328
-0.00012181765339784539424
-0.00017764298304561335442
0.00013351180819705366336
5.2686151331724038072e-05
-0.0021066143610871689885
-0.00092492349874127562179
-7.4016979131026221011e-05
-4.3500952208477364235e-05
-0.00021882386249179219448
-0.011950795657813964926
-0.001356207046844377451
-0.014927125457562449157
-0.019887746461709314427
-0.029568738532548183295
0.019532016279430533534
0.031636138280672458645
0.0075980559589878685425
-0.033487940717388045564
-0.054525354904168127357
0.0069106551737070955055
0.00087840097517279547984
-0.013614508162775084202
0.012231869538438662828
-0.022617770301798675175
-0.031791777816865318673
0.023550686059901633496
-0.00012700383335479485647
-0.05600608274192538788
0.057489210146343269758
0.066364430351690720244
0.00059446662657962269678
-0.00056519447817123501243
-0.0013063521598769187691
0.0029348473417660026277
0.0082405457696637998688
-0.0015921560054163131845
0.00028560725091188133781
-0.0046133205731128537966
-0.0019840696300102915288
-0.024415313426347059339
-0.01800484197382343915
-0.0059238426597431927123
0.015458194744146129887
0.02283416375251996755
-0.0041570828410277581647
-0.0042573494666200278891
-0.015505729288744255281
0.007760510683628805452
-0.00043796476829919254612
-0.0066359859426553856679
0.0038230753310480769698
0.028517526355638561641
-0.012963287848022203227
0.0065902652721736548064
0.00095899467172592403
0.00068392125594881800731
0.0024364686932415685443
-0.034820018758542375936
-0.015543520629692261781
-0.014516935924762948418
0.00054350481055711512626
-0.0021131177289074004437
-0.0036663058446255131044
-0.00078043854430677353333
-0.00072364254373683185341
0.00034574769363493961481
0.044869535737545616916
0.015212225917925960295
-0.045453381037808167353
-0.0041486866726278982115
-0.0096349489294061535505
0.011443724240581903961
-0.001186853083543830574
0.028225929394409845358
0.048060259638425466278
-0.0038395205636219801627
0.00024668902997094534473
0.00033644832316018853831
0.011412543430218836937
0.0045163126983798328878
0.081083389988392123859
-0.0011899950434848310856
-0.0024092578848728565637
-0.00023657581188123047531
-0.056363044436371127766
-0.027569249516067331762
0.0046196003901890448848
-0.036343817127189897986
0.0055720274850168177369
-0.0052598075736497943572
-0.013375666349964546523
-0.0019170482481598149355
-0.00013589047469389671377
-0.060279738467365159837
-0.027370434714861287262
-0.01847848403566941175
-0.0074999553428036110081
-0.0099458117643823982373
0.0088026509506154634876
-0.0007029732289417937657
-0.0039831237034273318798
0.0013614767580159275063
0.030697965748824107557
0.0074618687987868916392
-0.071884684915127713967
-0.0053216606353933340601
-0.0081052185641525241466
0.0039510571736309282181
-0.0001063777163280624742
-0.0089681047023673007845
-0.0020588959385930364482
-0.0011859162974240606073
-0.0037698150070403562903
-0.0052943184971005257874
0.0041233641435521927246
-0.00262598718439893122
-0.0026837713995418064836
-0.018014243448816098098
-0.020318652986632608493
0.014924365832773128435
-0.054336376464878391457
0.014856757202861312767
-0.041743549728719721303
-0.071910579056140427889
-0.0076557582667324880141
-0.020529192427630994777
-0.043414027622559824005
0.018064690388411522998
-0.017188407177228613026
0.055192699301411698998
-0.0069470135999914004593
0.04566895304958998314
0.0015307811686515859079
-0.0030521541696351779313
0.0086959843959873699831
6.3354763256564169678e-05
-0.0021962576910444296489
0.0013595058073272133295
0.014926828882559153855
-0.027506006800033372395
0.0075607433885470313323
-0.022084845317198047859
-0.018190543069970005474
0.01808928813906102509
0.0045579720993525448328
-0.077959448449254786784
0.080085266370206242836
-0.07528564636152959566
-0.010645566501966735942
-0.017786453391693178572
0.020580959143742017653
0.0066822068105465313656
-0.022906779346343227044
-1.054948133017784833e-05
2.2871277256004435448e-05
-4.0863029389528743922e-06
-0.028290660904941547504
-0.012242880150438570711
0.020396971733624327805
-0.00087488289219459370715
0.00018558695735862169428
-0.00038597398999520572639
0.032072124434211257693
0.093490811494855691199
-0.026886964481083675677
-0.058565928297748308384
-0.010677712288470898871
-0.040510099691928737331
0.019640860281577496999
0.0067265596635973793141
-0.0094357067482554977944
-0.010464335771826023189
-0.053084996109531351616
0.0051953160043365191612
0.012126046170041707845
0.0079942334327553765672
0.0087899517345849786237
-0.009709351530456565571
0.0069843179796383533797
-0.020789435203081671477
-0.0021375459457743739913
-0.001103599125365642376
-0.0013213171983206936557
-1.2045929205087184677
-0.1743235516973232202
0.22576364193749254294
-0.0068473621199779330371
-0.00074555807226209681177
-0.00088080939816568030662
-0.064845763583727275559
-0.065097719654567370862
0.086262734849305952589
-0.00034533596081676479986
0.012939228281022533903
0.00608539646391379873
0.012905453960527064894
0.0067135969502800660683
0.02163098738271247018
0.00077390232182596673232
-0.0019278457006773575769
-0.0082602269920707092898
-0.0061058825168723426455
0.01931139236268179793
0.014306816439831848004
0.027136743416732712203
0.0012061330097056155095
0.00061188463800938494574
-0.00057747348340217029457
0.0028208040038968785861
-0.0019801023322797294164
0.0017290598805025543527
-0.0012131448229542984418
0.0032883047375387715154
-0.020420886888015288979
-0.0017992955133105787389
0.0067941003791236707909
-0.069871791822929837923
0.014916006163105529833
-0.060794979357744464987
0.0070435411538501543557
0.006752378416480435061
0.0017502925467765861108
-0.0047665181610080514796
0.0088428590554345872649
-2.962121573600766115e-05
0.0011777006388043321887
0.002954254704730961429
-0.0029413768314683606288
-0.012638132022856329514
0.0014698349179107928885
-0.010726294308757548107
-0.016861466271528423311
0.052419886885973279722
0.028369457600409205694
-0.56103083148964394411
-0.043818570592958412668
-0.76403914467663447407
-0.053112952643848604373
0.0095169818503656623127
-0.014915730635387825995
-0.043187274235365648301
0.03124572017573494509
0.013989750908318492051
-0.013027820846913123684
0.020997993564087723967
-0.03680045913686803144
-0.0020733818985767256231
0.003598109956214140797
-0.00056405816254167422466
-0.0041694098973849404513
-0.053917149967998054261
0.037211289597268382146
0.001218441381385061131
-0.0022016757599571789433
0.0008453484093807441457
0.06693651478538908961
-0.034427898762427862345
-0.01261906199712600242
-0.052493365090623952951
0.019222682995619688739
0.021351141174682893714
0.029614028023011402385
-0.021602304014327448206
-0.016890727419568742074
4.5869280479266674538e-05
0.00025147477286668163494
0.00040898106549628270674
0.045903898251027461241
0.057064225467677441583
-0.0064481684263117183473
-0.0065195410665674236733
-0.013549988011774549007
0.028035420834974969506
0.0051644478559415831972
0.0022225485108687973237
-0.00080456934418145589251
-0.015241388516297478539
0.026381565886034186175
-0.015136481971935284233
-0.0017738108946109107551
0.00046556620064535703986
-0.0011910133957664724262
-0.016179878252189687504
0.039502439991509548378
-0.044731210297038130619
1.2721000112674527571
0.17911958904571892437
-0.028020597502044573834
-0.0032202534651196478357
-0.0042961090785927956784
0.0023808244883487335482
0.0086053775794151243783
0.052106464910934867374
-0.0046573591748366597112
0.034382465444131371513
-0.0041738731824842558241
0.0060339960879905148519
-0.031040269376657051575
-0.0086495960913615908827
0.04315884302694772412
0.011880600619741445503
0.015849954599122521859
-0.0085781253687494552623
-0.021945373858710721243
-0.011965563159860127113
-0.00082046728138097176249
0.06421093928181542676
0.066084296077142362646
-0.087005687432018488647
-0.031805877971230335499
-0.07200437769243035746
-0.21579701064786629972
-0.0068133469844950545619
-0.0032260618858333486338
-0.0054099963082882129156
-0.010531700052901620326
-0.0117511212032251431
0.018243358202611213714
0.027097900178734927318
-0.045892539759898452745
0.044302274996031634768
-0.0066163128761426107799
0.0023213208483759966046
0.011284533962299152926
-0.00057534387066400559732
-0.00038662274944819034154
0.003476471151018950892
0.0092797758129179331449
0.012558787539274649317
-0.019847873003045021084
-0.0059986876424772510308
-0.003175211659788844485
-0.0056814128257160027846
0.014761834301698176578
-0.0074198427260789489787
0.018262889779412538882
-0.0080366796966006310426
0.0019314687767733548264
0.0011039985489483617256
0.00017865290895604496305
-0.00017903058783744061526
-0.00035825210936586590312
0.035798504333087718954
-0.049246521346216640125
-0.0062964385502932212688
-0.061451257343197805694
-0.0046887578684508286059
0.0039754944224564313718
0.033169491986772187131
-0.023257423348602767471
0.031139957429757964685
0.00022852427041362543408
-0.00031901933590044756917
-0.00031907563511809796915
0.0028514897441700832147
0.0019471083871633024145
-0.0012141766151023841453
0.056181439292152308973
-0.01528659891446528668
0.014570275524638248363
5.9230586638149987578e-06
-9.5095877965935284411e-06
-1.5923868523749738904e-05
2.8401498971154157103e-05
-0.0020264948715099321414
0.00038931969300754902833
0.021407978014628931129
-0.023361338837610459013
0.0058311866169074334787
0.027315948342514027175
-0.051706022443562621449
-0.042509734938534070314
0.034976504506397478045
0.00076620284197729279872
0.017821312405746195934
-0.071069579642601965475
-0.004955561311349913553
0.04335133267055212708
0.03564488057210321581
-0.0031770227938496720284
0.064184649520813860657
-0.049070334600028436833
-0.0090796234579968524564
-0.029608631342208559939
0.0048567839389740798464
-0.029238070455745526072
-0.012884394422728474155
0.0052001821033587905183
-0.014788903924017018227
-0.021806586437518257066
-0.0062467503326882256251
-0.0088710576213892628622
0.040163050456360788187
-0.045170867652436920425
-0.025315817663309970326
-0.016880782768773767294
5.3877073845932481062e-05
-3.528700345415248065e-05
-0.00089954559520174365295
0.0062628379033176310303
0.042319140609579551648
-0.062746856810869472421
0.14242867511052112461
0.020232841430550475154
-0.32391527412729914648
0.27797051413584661361
0.1982934495405887787
-0.079685240531968098976
0.0019814791577607349972
-0.0011255920593807714793
0.00059311529860384549617
0.0021478091285038964156
-0.0059669840495312287745
-0.011482950793065976186
0.0047914225560613081523
-0.0048111717373508404785
0.0021497711157227893976
0.019089647859830215226
-0.0024171617237496610328
0.016510352639664171298
-0.0015004022134981255011
4.8142994835151873537e-05
-0.001740827990419728348
-0.0243792751682106075
0.054483928332332336175
0.032986281933164295077
0.00047570946536227626993
-0.00065247935607275783874
0.00013344026286922378043
0.010643536069691738807
-0.001792708759949163122
0.018596303836497195955
0.011603535369965271851
-0.0043312571745171201884
0.0061831007186873192596
0.090715578414637454419
-0.060725015583306313216
-0.00099285921958520745485
-0.53203441102228599124
0.18286391774002880295
0.10353053672006135022
0.11164429618805461752
-1.0174923327394165273
-0.27263130772631960497
0.0080111183854944985339
0.031013024082988612656
-0.0079014894840030713841
-0.0014202208284183066422
-0.0020044316769771549844
0.00017248635314901211019
-0.0013207811908144346039
-0.00081370237810007514396
-0.0062433081353970619823
-0.001269245249321256791
0.0008608235918699101057
7.2121867791755347901e-05
-0.010384024206586324815
-0.0031153714202543248551
-0.00042798106631382706357
0.0013176417314946081965
-0.0018190846728343042227
0.0005226344477397957709
-0.0008925955771667969281
-0.00095268316175267349702
0.0018261113738783538944
0.27148490093319449512
0.11685966522181744087
-0.20470738277239491909
0.066994322308912404584
-0.041093346755996448816
-0.048343914506407535681
0.0017919169990316561811
-0.031952770809460885604
0.0083491341602917375914
0.53289622099919697895
-0.18474143885238478169
-0.10304531526247771855
-0.019125666674447608373
-0.02588580044947746267
-0.039207441975760169706
0.024756738477923097286
-0.001020512690645864395
0.029078783756464068877
-0.024446181439990458117
0.018583949204283269768
0.0054516445986479873664
0.029906898916420027873
-0.050467533129107275403
0.038684213157483375578
0.026694120221571998597
0.008834692736104293731
0.021224876315419260314
0.00019851187076625002306
0.00050857877761460539272
0.00091310543983966143029
-0.010884088149169591705
0.0087380921900739316754
0.013792004680928619115
-0.019680516495938125965
-0.022716582736622706329
0.010572198904610126055
0.028468009470691890694
0.0079721809214139058297
-0.0057760949776534762506
-0.11337217471571697791
-0.088236127671766417802
0.35531021547926000537
0.041078248374491178885
0.022416455210858325653
-0.043655695540290549717
0.23280117578297088166
-0.053686904985315191119
-0.053520753112817613661
0.0091625097131981247944
-0.017142146065177377851
-0.00093116532795596410922
-0.01572576389265425631
0.025202904176172234718
0.012483955531774004744
-0.0012745367893968282281
0.0012633308266598024684
0.0047160563746859902878
0.0001698253822521161578
0.084455085921989386799
-0.0042986812778347434361
0.0087954383123487675511
0.0031058538411025062194
5.3870624054469420493e-05
-0.0019502539244983141571
0.045344772550454166826
-0.049485846296683518031
-0.0091686087346215926902
-0.013778913988016719058
-0.23980104313610950406
0.029561401964232399825
0.029546158703413663571
0.068705461890960065063
0.0011680973435729098079
-0.0027781380436606188319
-0.0030838761118207572327
0.012328591944266369812
0.0022343505209450453125
-0.0072088019647341726806
-0.024984475537219712205
0.04295901294021366168
0.009677738599298872646
-0.0037630906774959219617
0.055067236156818653858
-0.056895162034785465299
-0.12766445873700832392
0.097965815201885284025
0.080722751857879748716
0.01062249825553108519
-0.21106286529159010157
0.1549259696604905201
0.017948177429325740811
0.020456616058657221824
0.22755664155471494459
-0.27341942223772514042
-0.23205178698220521594
0.083809811666811145914
-0.029431966248441788353
-0.019402104539472567191
-0.034952513684977100372
0.00030903276185425079294
0.001869796487951579057
0.00091412731520928286726
0.0015181264097753749409
0.00056246503743930605264
-0.0013704631757306814585
-0.026024155092949533691
0.044242058556038195427
0.035486750635782091101
0.081082381040432902064
0.15583363547860906717
-0.092081701435964960489
-0.00012867402302864968788
0.0017160631196215900707
0.00032599955632610664929
-0.0052149907349472602452
0.017863401967927138719
-0.0089838925937145656248
0.00014590438564611202688
0.00015259195931083141822
-4.0540270104020179292e-05
-0.053515876154527956821
0.0040879882336155616562
-0.022943854320856788692
0.019801761612811316637
-0.0074056566071891531677
-0.022556534188904513172
0.014226588861503979347
-0.017650116109352485816
-0.0044774538458014290568
0.039373801812688104251
0.0121745023184217354
0.01562264303835813814
-0.023697511273883049149
0.0085088656841566679551
0.021266080822163389158
0.016005377120628785925
-0.0023256033756991266286
0.0049658392076143012886
-0.039365404653653637834
0.033404269243962537994
0.017357055678708967206
0.0014739585557807834137
-0.00032964772858643388419
0.0024410002906857112062
0.013960870989760182023
-0.0058594466399857023792
0.0063330604300150068406
-0.023189987221602533646
0.031492941959222239823
0.0037050115585350348706
-0.0284071833435668962
0.027904647101041301499
0.053057499761539332617
-0.0070354151164013067205
0.064045858728575100205
-0.0083448173961540774574
0.00091975218043967657284
0.0050932049146969228526
0.0053636379186348314904
0.018162535101693390305
-0.034423054802786623441
-0.03173825715974371714
-0.0084382161106862328681
-0.005999609903727958285
0.0036447919113157972205
0.018923534243802407617
0.023438781688393452163
-0.03933988938451290357
-0.10755144127454432934
1.011150265900126799
0.28204967211807452365
0.040166818750713449704
-0.036332680002833211974
0.039147158722984548573
-0.057932661745396567265
-0.022302235982134606396
-0.051854178989347729511
0.00011737829888561955539
-1.3734235611016979884e-05
9.8283400068571404777e-05
0.066370620628901949578
-0.011146003083359052113
-0.015499895886046041737
0.01600741508850438144
0.035494764561422725846
-0.018698441168142520413
0.028718567356891305103
-0.047160264751969223351
-0.0096228464381133034522
-0.0010586201280542079962
0.013645413393095117555
0.0012970392792123295201
-0.000559279575620726414
0.00059273670036898899825
-0.0020065607825390683813
0.0010760521334421937947
0.062986580560548954821
-0.016302636851483254254
-0.090235978208098532871
0.02486513651697463273
-0.096493327436018849763
-0.0056444078219930766266
-0.005945295219037684438
-0.011580044549257819189
0.00022672654207369220521
0.0001170763000203944214
0.0010546812112849812855
-0.0021747020530123164703
0.0072378761202063776961
-0.0026397600670361957148
-0.21054787492184706688
-0.12825945686345849306
0.23141905963668935042
0.069587342164203147554
-0.026138038579458847815
0.028574367652687632929
