0.093158576823729521976
0.049444663500681169943
-0.008199274255805159492
-0.071160860621442792451
-0.0058985576879792738295
-0.057635638517730361507
-5.7655613424246771482e-05
-7.9220688482452367922e-05
-0.00021590955416526036101
0.0094189070997617221209
0.0040225245613428979238
-0.034465053276726616283
-0.00042138193569919918987
0.00076590339653770790444
-0.0012046605848514552184
1.0898204364193786464
0.90786170313577674307
-0.32018773129549138456
-1.0985758114338159963
-0.86104970147440873518
0.29626272656677138384
-0.004022478857522488252
0.002819080757134201972
0.0014051057678281359507
0.61135896616524121328
-0.027171542296237527481
0.69451795475962130322
-0.036579816695272972249
-0.0014818961549692868766
-0.0061989042292376617116
-0.00010762177379902576895
-0.0097613631076816521209
-0.0072477461783572770873
0.0044070752838263763454
-0.021965861648975092135
0.13544186548165909612
0.00086030559773265049585
0.00022749101980111725591
0.0054812258991562227278
0.00038989092222349786736
-8.845051793286728449e-05
-0.00049817522057943493252
-0.00033985950642350054671
-0.0003805906728523541149
-0.00034832059461406328143
-7.5234511544824015446e-05
-0.00011031982382414892577
0.00013417143025989022973
7.3795935705661506879e-05
-0.0020841117045363789263
-0.00082788829125052601499
-4.9670582467923696333e-05
-1.2033053373214083542e-05
-0.00020251947610547824715
-0.011849678058688266694
-0.0013298172735040887996
-0.014883370701659561983
-0.019823694489989357459
-0.029464468976293557018
0.019600722341424719336
0.031668165112287038898
0.0076894818304406430814
-0.03336929027159218214
-0.054518514713189754339
0.006971998442819814755
0.00092272185834432578211
-0.013596007296202576586
0.012294894469385917943
-0.022493129419393301932
-0.031747877647360478459
0.02363683794286594933
-9.1091098366967429762e-05
-0.055891384306014174621
0.057437454828572605259
0.066337625261002369781
0.0005906142439316103103
-0.00053105174211293202768
-0.0012580235648482673751
0.0029425273557175612126
0.0083488144079509191142
-0.0015832672123318211437
0.00027092926867341315554
-0.0045363149707054349277
-0.001954850307167331231
-0.024356548373695705023
-0.01796544255728137543
-0.0058912268596227499937
0.015373529864095857728
0.022848120703321435354
-0.0040700332643931235246
-0.004193964759358483757
-0.01557227770844185448
0.0078213705463999264045
-0.00039320794744975267731
-0.0066211064930874873741
0.0038393277421710338485
0.028639231384344369935
-0.012970470516759279034
0.0065931806899662244795
0.0009499440713633243048
0.00072766180442888721541
0.0023544731885808858722
-0.034893714897996697122
-0.015531962909980530016
-0.014588726264126675169
0.0005921651237577624672
-0.0021020171542856505228
-0.0037572447628914248073
-0.00078270596547527911905
-0.00070590325142195185521
0.0002964555198488553079
0.044912286051849915902
0.015237399762792386976
-0.045576122637169931562
-0.0041199839735788302067
-0.0096220972534376975061
0.01137044769104321798
-0.0011359775992498878129
0.028348743609256602666
0.047973826223653398548
-0.0037423215302625810821
0.00027543517848022732331
0.00030537470739042289758
0.011475270364036969928
0.0045110342556248204937
0.080992252880558071593
-0.0011073438381180569431
-0.0023390982287736063541
-0.000255903011275697965
-0.056282631431784350962
-0.027530272307005578675
0.0044794308980460493738
-0.036257576119707708717
0.0055583870969945865445
-0.0052890544878999726577
-0.013324833536164202782
-0.001825668574444019171
-0.00024204375706164931847
-0.060191806362339575487
-0.027316540940368283508
-0.018519886948150578176
-0.0074519819496380061349
-0.0098685758674238281685
0.0087495603114754808005
-0.00067710826655191763256
-0.0038945200831365721188
0.001334887565901400272
0.030755667132857093804
0.0075613106485815703012
-0.071915041344123784017
-0.0053140540620445417264
-0.0080292775765129047183
0.0039333993959652334416
-5.7615126091669450689e-05
-0.008885767667477629736
-0.0021265844616618987534
-0.0011072504280136121271
-0.003667863831219544523
-0.0053193628273498000034
0.0041036947757382069221
-0.002573098276308793779
-0.0026894427950977001403
-0.01796180766014209701
-0.020287147560603752822
0.014959640236980152259
-0.054289621701675873366
0.014979882632472829238
-0.041811403580884955178
-0.071905910548354975975
-0.0077141812620675712792
-0.020527793402987524335
-0.043392458588895968519
0.018021704420559614412
-0.017226007669792289118
0.055263654044908974705
-0.0069096706422901998934
0.045621827420636459904
0.0015614908444132526589
-0.0029877802633459949605
0.00864310453228346251
9.7527908228377579232e-06
-0.0021317430330026259852
0.0012982711283956059264
0.014962677007116495509
-0.027444892189507609503
0.0074495334741514511109
-0.022137782528979577101
-0.018183976151983173575
0.018018799454140293353
0.0045424855254686466455
-0.078017307487258102938
0.0800835956542656352
-0.075173396888537344362
-0.010607456038239822249
-0.017822104645073551937
0.020630287691454040483
0.0066209901451946490472
-0.022817775626211244527
0
0
0
-0.028232113283173352475
-0.012285774441477471941
0.020504488777920801962
-0.00088368503084039040207
7.9082491198797402027e-05
-0.00033772137560783761258
0.032159191957399094197
0.093458049398433828969
-0.02685577919290947288
-0.058505732809073160428
-0.010743360339849156171
-0.040460971296992331858
0.019664515290694191407
0.0066609817725937544436
-0.0094172686582943473249
-0.010413339236129007595
-0.053106507075388796613
0.0051738282101512975131
0.012185057435178276233
0.0079195299026457288
0.0088321292702398211671
-0.0096516592020001058111
0.006892541162529101581
-0.020707558012950415954
-0.0021076539375615645396
-0.0011322926810780440266
-0.001297069185263278546
-1.2045082440401480017
-0.17433932988795733388
0.22575985333660644749
-0.0067861553007218357661
-0.00077579605886144212528
-0.00083535481340513302855
-0.064825561623350805296
-0.06516204167353559229
0.086257439997603019277
-0.00026055119429186886833
0.012859433050016022548
0.0061307051414549694479
0.01293255111710303086
0.0065793872356468448281
0.021647963532836610873
0.00080347471545580905709
-0.001917553648828259575
-0.0081801548712138096725
-0.0060428177673715428517
0.019269346358829625432
0.014368905621306332296
0.027191291280161535709
0.0012721242296224876019
0.0007240268711669482684
-0.00054269346482008987836
0.0027853852755894553672
-0.001999584327272790462
0.0017733799091774042102
-0.0012668193333062439075
0.003315753844136581658
-0.020399751785878762061
-0.0018337698877612176873
0.0068055883199246687901
-0.06988349110885075377
0.014830415018556379961
-0.060774525784575053611
0.0070732529990508025142
0.0066967598707341714423
0.0018063155151771164222
-0.0047586274862579719044
0.0087916382806267692751
2.929803222115912403e-05
0.0011488387242283451626
0.0029155294620417720672
-0.0029061747236330641442
-0.012577016784699220422
0.001512797123449724588
-0.01063024165524880521
-0.016790047750890293304
0.05236051429959065473
0.028413382379446294745
-0.56091456624990976287
-0.043854130670372352963
-0.76398172824863785912
-0.053031542027953008922
0.0095097883008091951829
-0.014848779064942590686
-0.043259593493843687129
0.031193282620681880152
0.013918173006806389483
-0.012962442277086153736
0.020949131589803580283
-0.036876885071765216906
-0.0020521127463233260896
0.0035486963074307696989
-0.00057251908854851515755
-0.0041481138013465812531
-0.053969856862348855597
0.037188392028316141769
0.0013098300460713705688
-0.0022821090536898598969
0.00084312409751842313285
0.067002027438939362747
-0.034452080982885185945
-0.012575901056640031647
-0.052449422907011745976
0.019169326249967796882
0.021272654367161487193
0.029654159432092493109
-0.021574843068733792761
-0.016844403119406502894
5.9713529169271175418e-05
0.00019353087286024743107
0.00032564338260225144783
0.045927450668697758496
0.056978087640593921837
-0.006532618373487441947
-0.0064580299623437503742
-0.013585399159842533046
0.027972246931535327263
0.0052122435499364523637
0.0021197587875509370237
-0.00082228593240152921418
-0.015212781641370753255
0.026318022770363137808
-0.01519291149132137933
-0.0016669479465430522749
0.0004755322803225155528
-0.001179249449928071198
-0.016118574707546389629
0.03948168828074836989
-0.044839747886579121861
1.2720405829257990238
0.17907480555437449432
-0.02802050085227720741
-0.0031610906896498811199
-0.0043817611901185221299
0.0023427950896783371858
0.0086551340993223715992
0.052057249003113204022
-0.00469782536773114337
0.034459133147292091148
-0.0041817120399585822055
0.0059796728127108362411
-0.03092390889873968679
-0.0086589170457718623447
0.043141622487704395228
0.011980980323500964313
0.015806896650129593357
-0.0086130937703775573705
-0.02190257610740561911
-0.011985705374968867731
-0.00089451904999376474856
0.06423163505582056565
0.066013206203099722424
-0.086997359050977982053
-0.031809591391350040823
-0.072045409011883332351
-0.21580685919832318098
-0.0067547939018579748402
-0.0031885733098233771249
-0.0055116658607511064688
-0.01041216853231980051
-0.011748279199415116725
0.018187650827655603425
0.027097023444480599491
-0.045954084331706737676
0.044195238079725210345
-0.006564328920143850353
0.0022910762488808338738
0.01122886243676274147
-0.00049533517337150721402
-0.00033136240596860614717
0.0034099776527344001845
0.0092254942290175209751
0.012594775559061355263
-0.01981367580002130202
-0.0060392372574846328245
-0.0031775099319329065152
-0.005594313404584625414
0.014776254619066132509
-0.0073457990329420259218
0.018280573569508001136
-0.0080725524825631545661
0.0019935006845707525618
0.0011041950892914161476
0.00014426554435146540832
-0.00013757516573166344263
-0.0003538662405769519583
0.035691862640070209922
-0.049229861914545959556
-0.006265879769982895392
-0.061523875039940702225
-0.0046487091771719706718
0.004080805630472932391
0.033100215081291059493
-0.023235673807425197973
0.031198015958452670476
0.00016000831907673777259
-0.00027332294562847076055
-0.00028991313408089426943
0.0027311480616811212307
0.001966805793611363113
-0.001217431794772517702
0.05612268634907011805
-0.015171514905504607587
0.014565555251814465976
0
0
0
-4.2622514480800951587e-05
-0.0019318994208438113481
0.00035280315670460507885
0.021349010459036362602
-0.023312731497331304342
0.0059109107377642933559
0.027318579681216030586
-0.05164668757926920567
-0.042465633551457777906
0.034879097557092217374
0.00078510050384188873052
0.017812986529752068005
-0.071139504290950575371
-0.00488797522504372077
0.043321073230171251722
0.03564665667327505949
-0.0030962246882552239315
0.064223344935386908472
-0.049126629807138978701
-0.0090439365190862919947
-0.029498826819426636481
0.0048004252405338563789
-0.02917687725718593264
-0.012880440193237228247
0.0052217422584298579455
-0.014746294719389445652
-0.021692599089740912527
-0.0061743686789550878552
-0.0088547171590611806896
0.040205133984390503676
-0.045199205540001959058
-0.025179727514145891498
-0.016876234329426240133
2.2568988766414263005e-05
-3.3236640876123022242e-05
-0.00080995664254566947151
0.00628380302782440784
0.042259421156317138191
-0.062699018109438606206
0.14235964384823679429
0.020219994140875718891
-0.32385745511514202333
0.27795963740412055198
0.19822974559036946052
-0.0795732087190513665
0.0019771721945469901936
-0.0010906005178779392632
0.00056172914449281524316
0.0022015661011502104562
-0.0058882603531761100804
-0.011601381070979658802
0.0047484060771461533354
-0.0047691415980817535719
0.0020658178116938663745
0.019133410193835770352
-0.0023710687497085691441
0.016400792477279820675
-0.0015218141827347481457
0.00011782853726026660049
-0.0018247402188476141184
-0.024436250414858758095
0.054521194279398547955
0.032987663116129453678
0.00044913344072220124422
-0.00064010238641673479661
0.0001264911375126981743
0.01061216455649130995
-0.0017460356436820830602
0.018582845726956273569
0.011537966524971760701
-0.0042384960985229237773
0.006160597696491769068
0.090670175942510533584
-0.060687880170252540835
-0.0010036813334330764794
-0.53202321656210582734
0.18289431982758128092
0.10350036039919086051
0.11161231279734723509
-1.0174403594727632338
-0.27263624340193720608
0.0079275398013410377368
0.031062194943434512373
-0.0079439708332633592047
-0.0015332607628488247389
-0.0019422557183608811331
0.00015933209716381864247
-0.001381596877306375459
-0.00080281143024957539629
-0.0062725471176147268304
-0.001294731084041199267
0.00095127842505862258548
-1.3904331592182098793e-05
-0.010424719487660095291
-0.0030220559720169873526
-0.00043528557886821821546
0.0012652204693085562694
-0.0017538665210894489096
0.00053697394800540448022
-0.00090111770467241026576
-0.00084283402021677182071
0.001823291020073353674
0.27137890833768019139
0.11689340386030483421
-0.20472633691279373824
0.067048149977483179063
-0.040990415784630973572
-0.04840512835390940044
0.0017803283826521105939
-0.031921100333027738194
0.0082970304264339874573
0.53284387007559286253
-0.18467867559351500151
-0.1030643051272372851
-0.019143107298169727976
-0.025840040775186218919
-0.039240321998510810375
0.024693431469395080158
-0.0010583973298404513765
0.02905890128372882672
-0.024498534880821293269
0.018592378000319213088
0.0053953535066421642874
0.02978882403246825919
-0.050404517998783683608
0.038611134730625065736
0.026623176261677778537
0.0088651232351459226255
0.021159459159552529428
0.00011410352113288196657
0.00053292817887043604508
0.00089432355140644300296
-0.010898429854138125955
0.0087224540157038073229
0.013676169559654199892
-0.019773428858877836051
-0.022635170426113002118
0.01053332331605327972
0.028390501641837231211
0.0079105386198738605191
-0.0056878483612469738634
-0.11346212760558667398
-0.088268045350219120904
0.35539698121654506036
0.040998523329751561384
0.022490342644082818302
-0.043551683062307340599
0.23276525261863811878
-0.053773685498312233377
-0.053502328613040529837
0.0090717136719996559202
-0.017225041901533979377
-0.00092603278573631056959
-0.015762863083891232724
0.025112466788123039008
0.012480527905467093605
-0.0012926301586065967308
0.001190511988643064116
0.0047575793080941791366
0.00018485250429834995775
0.084364726605767242917
-0.0042881157058085152614
0.0087492225790633329496
0.0031034936527486126773
0.00012213792832360974207
-0.0020479392826092375837
0.045401451178861712554
-0.049519383347910714277
-0.0092583738738436383714
-0.013848976401811272444
-0.23976793115430011794
0.029490392020161026315
0.029465217657957162856
0.068772676411415947784
0.0011586327262870996235
-0.0028477243934435466678
-0.0030141845481771157265
0.012267410182578316474
0.0022238483054649415931
-0.007208150450653614226
-0.024985637927212259873
0.042836679026721516395
0.0096849084494773658022
-0.0038107788413832316583
0.055046599208820670701
-0.056809501228916856053
-0.1276956838817342732
0.097821897417850245393
0.080714897933996360146
0.010658112333470463884
-0.21111086278784330084
0.15492688237537810547
0.017901938657184500447
0.020372779386570883525
0.22759506195583967259
-0.27342242887568823928
-0.23209722736625873485
0.083917435887707600428
-0.029530344213574061252
-0.019426138546609857116
-0.034856103312732651667
0.00024311158387097442021
0.0018395873455324433191
0.00090575985551331786132
0.0014701000085153201856
0.00053043305097490189327
-0.0013779232514274568442
-0.026099174901713744629
0.044262723896506005195
0.035479363256661587689
0.081100477314823962716
0.15575743010103754171
-0.092078275332593537139
-0.00014382092131994876042
0.0016351382017525878994
0.00035728562522672937651
-0.0052596295396681548226
0.017817698795087429792
-0.0089246521647721021447
0.00013528016993679051606
0.00012113505296270206607
-5.0489277614222338405e-05
-0.053502282536596376672
0.0040856293345667539854
-0.022831189307943616784
0.019829410271664217602
-0.007410929565762909739
-0.022427235111399400347
0.014224991084620809689
-0.017712460770019457235
-0.0045604894357424872672
0.039281072590612267637
0.012166970100638439464
0.015565772332944838655
-0.0236881042703129506
0.008429805074197414122
0.021210956952900438671
0.015926099687357586632
-0.0023189986672994896029
0.0048785224682144859992
-0.03945006527189605372
0.033321542589576903792
0.017325709107836394229
0.0014172797749628493393
-0.00039941722733113644694
0.0023923601301995061838
0.013907708501813272756
-0.0059103903820358610205
0.0062106923478779177406
-0.023172609814264295142
0.031400818942488195606
0.0037124005624356352061
-0.028402059994638583634
0.02783846802163805409
0.053018128311691593846
-0.0071502568540400667646
0.064056573911125139209
-0.0083225415674317466952
0.0009119138619877435346
0.0051136829252834059209
0.0052647995428652212199
0.018045724969073827226
-0.034476662729393994788
-0.031761908019637734302
-0.0085139332278181475977
-0.0060387840859360431695
0.0036300439724611661789
0.018844098438197041251
0.023352564111270589231
-0.039422437057289594353
-0.10757014907012053817
1.011095673710239895
0.28200888121037193113
0.040098992781335891789
-0.036366347361759157608
0.039072711403132329155
-0.057961549238203860512
-0.022404223844208131372
-0.05182952699173268285
9.828928305159487862e-05
-2.5679207505104020875e-05
5.5295621780403740207e-05
0.066393105268755067683
-0.011202531539412063574
-0.015455261329962478867
0.015921964343994034902
0.035509440960235567897
-0.018641792252086418491
0.028695620591640224467
-0.047206143107484659083
-0.0096017982859691111686
-0.0011567075005000069816
0.013545822668735434113
0.0012862131571745991001
-0.00057533025343163666111
0.00049341368913793004405
-0.0020362762719321383237
0.0009877874471811154411
0.063035334410011731321
-0.01635743260951820835
-0.090227060846585480092
0.024791887403135610263
-0.096483959019265333468
-0.0056904828658516292891
-0.0059513754567224316436
-0.011668400734035331429
0.00016720406062191800153
0.00012222896507872328523
0.00096352173591638908597
-0.0022102915154629783692
0.0072373350909964596217
-0.0026663702998370427191
-0.21065011708773095922
-0.12823126996665681898
0.23137818426710277109
0.069547313914271477464
-0.026223285901765001904
0.028536088014627074977
