0.093141391499485901018
0.049515373026213546637
-0.0081708798419036238886
-0.071085348672706383244
-0.0059361234917710038739
-0.05766900699272066444
-4.1914442950394312345e-05
-0.0001416266018499543161
-0.00030784136814926909512
0.0093835638697061154317
0.0039903783381528747792
-0.034548982959245633229
-0.00045121674455743648186
0.00078762920009696599146
-0.0012586393590027849469
1.0899567256471209831
0.90790832815686728363
-0.32034724644161516327
-1.0987689109581806335
-0.86126207307783453349
0.29621007926118725351
-0.0040808650119853046023
0.0028363016051198303852
0.0013119071175748866359
0.61139188394327070863
-0.027141064169613076523
0.69463022020343256901
-0.036646769317433061652
-0.0015483192543024576048
-0.0062757544273064312657
-0.00014723520756674307228
-0.0097220298054793586467
-0.0073100824096786858053
0.0043431759911837387184
-0.022069599633993731286
0.13543688967074940521
0.00081788076056656458523
0.00020073923589108727972
0.0053417220094607240077
0.00038494969323807565805
-0.0001236120908779149972
-0.00056966333758603755841
-0.00043109740002149040186
-0.00045012776053233446516
-0.00040331240579010531116
-0.00012183571367526114225
-0.00017767900676502910648
0.00013351158840581758944
5.2684246494221083877e-05
-0.0021066347517031910365
-0.0009249388383479156513
-7.4040102889022987712e-05
-4.3537506394467516879e-05
-0.00021884059909897671183
-0.011951049406340947048
-0.0013562239671576136954
-0.014927130935967529435
-0.019887638356379667981
-0.029568388723286091746
0.019531120098269946772
0.031631163519179723853
0.0076020808651487119939
-0.033492495498531220377
-0.054520940890207751639
0.0069099107539728711266
0.00087916994492998772927
-0.013620641548761342962
0.012232829069838841926
-0.022612303297217355158
-0.03179203958721714407
0.023550934142844200808
-0.00012705488852239938042
-0.056011321469233488202
0.057504355076601051944
0.066359352936117832478
0.00059446992295051031933
-0.00056521530221825084725
-0.0013063711624992559862
0.0029347728878932116334
0.0082404689662176466153
-0.0015920945245712382881
0.00028562727603273729794
-0.0046133469493390179272
-0.0019840084876186531333
-0.024415503481430872457
-0.018004997135145032333
-0.0059236705143758819694
0.015458094025012436915
0.02283407522179168106
-0.0041571083409795159605
-0.0042573455538640865917
-0.015505768389002137428
0.0077604475761357989694
-0.0004383270732989070031
-0.0066360541151496560408
0.0038231619481962717672
0.028513713538128742514
-0.012963030621849403953
0.006589285489870754485
0.00095899646881321464007
0.00068391353525387439498
0.0024364859147938526009
-0.034820123476718430056
-0.015543487248055371311
-0.01451694793840870544
0.00054350905895294079895
-0.0021131119773303654909
-0.003666298656461108689
-0.00078044013358175999464
-0.00072366690226488041005
0.0003457819348591144662
0.04486913370799410633
0.015212413323169192078
-0.045453081122274655024
-0.0041486866434439035808
-0.0096350749490189038088
0.011443896917708562197
-0.0011867405831367965931
0.02822591599701641113
0.048059602362864259351
-0.0038396201363501167129
0.00024675584727592691364
0.00033642370776554850805
0.011412642605265753068
0.0045173171228348992304
0.081082295237953405653
-0.0011900265736089505469
-0.0024093112767142980946
-0.00023658640423072802039
-0.056362967312341104298
-0.027569400795310766011
0.0046191045457662548504
-0.036335476522701734559
0.0055707644385358436739
-0.0052584885902803770591
-0.013371278046245908475
-0.0019190816882005542685
-0.00014043265867289409974
-0.060297432273571101302
-0.027375378183008034633
-0.018487897796172932802
-0.0075000638497250372502
-0.0099459597541754936334
0.0088027753866062995874
-0.00070297121972361250285
-0.0039831573980467693472
0.0013614987892562005912
0.030699499963377140099
0.0074690940693403927095
-0.071890561675730088598
-0.0053216131529764129984
-0.0081051504689191051362
0.0039510195835382950005
-0.00010637931393055271537
-0.0089680964696627046145
-0.0020590181078920435226
-0.0011859224448985418963
-0.0037698766540554162936
-0.0052943925861354875634
0.0041233892309788869324
-0.0026260234258182525192
-0.0026837879582587843667
-0.018014319689397290114
-0.020318824976981255531
0.014924514757972856191
-0.054335033452011433086
0.014856238845738500842
-0.041743016434233483347
-0.071910158005328850273
-0.0076557223028893136782
-0.020528910414038707005
-0.043414641784890885268
0.018064535382748037745
-0.017188730544149224966
0.055210472086253861712
-0.0069422094897981113243
0.045678620845055924182
0.0015308023570316570041
-0.0030521904034800395079
0.0086961235074760976499
6.335068314068835406e-05
-0.0021962701201168571656
0.0013595419016294953748
0.014926880118300426756
-0.027506199721319457563
0.0075607851725749703614
-0.022079274699331036952
-0.018186264801553567172
0.018086101682440635513
0.0045576456981135174407
-0.077959413505396771282
0.080084922218227300172
-0.075281489476324223165
-0.010645967596260404869
-0.01778592303291995011
0.020581424537713423339
0.0066824066156194426858
-0.022907290998515465047
-1.0552127266840317419e-05
2.2927043017825500222e-05
-4.11746280689046026e-06
-0.02829116883631672616
-0.012243079102109987594
0.020397414833747632562
-0.00087489094764907208209
0.00018559082797306219927
-0.00038598152277693689597
0.032072154233786141775
0.093490705322116895992
-0.026887163123774020929
-0.058563378386295016076
-0.01067269200138733394
-0.040505836763086978947
0.01964115636098712897
0.0067266724984729091633
-0.0094358520370534468974
-0.01046771203063044664
-0.053104574644250036874
0.0051970995459522974225
0.012126248326880285922
0.0079942828915738513296
0.0087900353557850436498
-0.0097093169624148586982
0.0069842981259095465729
-0.020789361461125414887
-0.0021375890952622955167
-0.0011036305189720096564
-0.0013213339139678591336
-1.2047397010936797823
-0.17433951482457765714
0.22579970737027063588
-0.0068473752273836546028
-0.00074555091906772805264
-0.00088081341260983891245
-0.064860185328481326228
-0.065112347311876830891
0.086282130941632576016
-0.00034532274200589922666
0.012939187045895236827
0.006085462464638354517
0.012905450320856123522
0.0067136644706379932507
0.021630962606139482463
0.00077393214312553363071
-0.0019278820070668480947
-0.0082602629653127663395
-0.0061061097129043780812
0.019311504345346980349
0.014307107299910781437
0.027147635012484409162
0.0012007440959154263259
0.00061166132513117545209
-0.00057749536003627534222
0.0028208366234079517397
-0.0019801112802994885916
0.0017290591334185715679
-0.0012131415433353147197
0.003288324978458177783
-0.020421207479781409294
-0.001799314050980013388
0.0067942128269893155637
-0.0698658552622519885
0.014921478930685282485
-0.060791021292436346612
0.0070436106909941825077
0.0067523757859776168885
0.0017503534300777037671
-0.0047665894214542880308
0.0088429671324135161042
-2.9655233958917109671e-05
0.0011777411719299164285
0.0029543638317306220899
-0.0029414879497596875708
-0.012638363550984124326
0.0014698651963796910414
-0.010726450298551926457
-0.016864504823498886049
0.052415164037061159896
0.028365208393346622029
-0.56111432619476819816
-0.043821345961136286273
-0.76413649009089690267
-0.053113167708261854738
0.009517137612074578687
-0.014915693433200257617
-0.043185990940434994256
0.031244057424450473459
0.013990481552385995376
-0.013028172905213368862
0.020995099167935932227
-0.036794985756766263041
-0.0020733961348007863383
0.0035981402693248446499
-0.00056404674875561785097
-0.0041674833919187652745
-0.053914205632148388958
0.037210859157060918734
0.0012184470737520815883
-0.0022016734982303293004
0.00084536615470271153465
0.066936775481494029116
-0.034428208809244929822
-0.012619235938710946995
-0.052492658340300431263
0.019222809724519816094
0.021351136661586559568
0.029613625697564000677
-0.021602257858584557326
-0.01689044216387276115
4.5863945224695204322e-05
0.00025149976754100034689
0.00040901541184878097666
0.045904421212062666846
0.057059197013310053448
-0.0064476059290543884586
-0.0065192336605469341365
-0.013547197621419412861
0.028029671169037137513
0.0051645252852691456505
0.0022225975225557796644
-0.00080458086230532160042
-0.015241577137358340924
0.026381110623720744474
-0.015137088257178972495
-0.0017738258303412954286
0.00046556224161544562667
-0.0011910192252934520551
-0.01617970638744415865
0.039501662424313042921
-0.04473005612580317758
1.2722531112147499321
0.17914504714511525485
-0.028030785662533093394
-0.0032203466963175073588
-0.0042961366436862361354
0.0023808390255697737745
0.0086087132610226900498
0.052126067157178802847
-0.0046591334442177634659
0.034374078861238194227
-0.0041726369946738072619
0.0060326984397662281739
-0.031035188294175890256
-0.0086642548595292408903
0.043164345045110609489
0.011880601558278715973
0.015850016198086475799
-0.0085781724390212674841
-0.021945533266557872704
-0.01196556626212760821
-0.00082040218044009940914
0.064225359820623426077
0.066098986133632672835
-0.087025074864587215195
-0.031811102208759885202
-0.072010240239761616476
-0.21582751502905334062
-0.0068133837760347166351
-0.0032260452523209920926
-0.0054100635599847830479
-0.010531737706833133039
-0.011751158536952951983
0.018243413942149667301
0.02709687127814560878
-0.045887434919276492984
0.044302164816277314618
-0.0066163801571550613645
0.0023213583972050257434
0.011284658447407431778
-0.00057528088572884818371
-0.0003866244323858227471
0.0034764912693132231543
0.009278353445140861272
0.012554055754205638643
-0.019844071936479752705
-0.0059987580099935162992
-0.0031752750135816123697
-0.0056814792872259571241
0.014762208003938181999
-0.0074198690108367385682
0.018262965009182910436
-0.0080352852449148588765
0.001936381848207277892
0.0011000114188393186106
0.00017866698972000577984
-0.00017906011378122430717
-0.00035826298865983572739
0.035798610963551094621
-0.049246579600526071974
-0.0062959923275306296092
-0.061450263384481444706
-0.0046887106486538532996
0.0039753630021541266903
0.033168204615432295146
-0.023257728016062708537
0.031140563882550702235
0.00022855253807280709799
-0.00031904266708658709974
-0.00031908674046065351338
0.002851547230639803112
0.0019471339779326400123
-0.0012141898482593486801
0.056181292923045259013
-0.015286908208503143664
0.014570254125399978093
5.9494255730820856114e-06
-9.5733005601585889345e-06
-1.5970706991269965376e-05
2.8395636797783824006e-05
-0.0020265072524397829273
0.0003893388372366844187
0.021405056007924874728
-0.023361290256666746717
0.0058287897058411216808
0.02731583554903346811
-0.051706075465121466295
-0.04250865897082023448
0.03497656754724882272
0.00076639954261818374857
0.017821035766713452103
-0.071065400647328053063
-0.0049498485226452558147
0.043354303408762909222
0.035640595657681066466
-0.0031764442385872684871
0.06418290943315389796
-0.049066565979370584116
-0.0090791925813885412944
-0.029607596079604725503
0.0048566784310142092559
-0.029238354673411612317
-0.012884315559465198478
0.0052006046746515353224
-0.014788770787738212895
-0.021806734272932944835
-0.0062467936375694213536
-0.0088711567174654115675
0.040163097878185290146
-0.045170566647631305024
-0.025315904915532025377
-0.016880758492272680132
5.3882086243210398425e-05
-3.5281831258411689768e-05
-0.00089956680120179693689
0.0062624025152848879217
0.042316072010232054501
-0.062741937351097315512
0.14245707055536677155
0.020228133634708326399
-0.32395665067526308034
0.27800917106592087924
0.19832845976594945525
-0.079701821289045599039
0.0019815037724800216995
-0.0011256180165123701349
0.0005931351709155849132
0.0021496461937358557655
-0.0059632146797883997177
-0.011472733422576566337
0.0047914910009324278989
-0.0048112452777057546777
0.0021498071114207620465
0.019083417563199440298
-0.0024189651847140347836
0.016504680596488595368
-0.0015004011255756630975
4.8136999836110403871e-05
-0.0017408057411887256291
-0.024376558094121397735
0.05447720585099136148
0.032977712106628163935
0.00047576118684226458835
-0.00065251699372753668455
0.00013345177268205948287
0.01064352411111691224
-0.001792786682348624424
0.018596204862846420908
0.011603637658140975725
-0.0043312989020095962744
0.0061831737194798352258
0.090715369669601308988
-0.060725095246969791607
-0.00099258226444488102322
-0.53211827804345457338
0.18289277721360391871
0.10354687578065890907
0.1116561274295204409
-1.0176020395149902864
-0.27266133488602140034
0.008010901747574822318
0.031013561891035115736
-0.0079009464485724784782
-0.0014202615450402979701
-0.0020044775168005959758
0.00017248850532773058017
-0.0013207549481101023021
-0.00081371452401398139918
-0.0062432758504499695149
-0.0012692380018606472768
0.00086081150417871717638
7.2124732480918099064e-05
-0.010384100271173132835
-0.0031153776483544455556
-0.00042799649506178847908
0.0013176567725192319096
-0.0018191096580520433722
0.00052263050243152580233
-0.00089257947151217458068
-0.00095273673762563595296
0.0018261020282898047639
0.27152465732727243397
0.1168820063736852044
-0.20474282539761642918
0.066996125235626466377
-0.041099617050650051608
-0.048361086626708869873
0.0017929679492921001341
-0.031962350389905837267
0.0083694681258313485123
0.53298009918095479165
-0.18477034330941818907
-0.1030616326093055507
-0.019129661455429349676
-0.025869534704503829858
-0.039219221358983598347
0.024756923965268476384
-0.0010205200415519639304
0.029078979423888654671
-0.024452210569503390891
0.018579641757595782153
0.0054549999642834277186
0.029906034797478865672
-0.050465912541263764635
0.038683182441475283397
0.026694225630269265842
0.0088347334354814122115
0.02122497204357517292
0.00019852553380816334951
0.00050858540519585948743
0.00091311041480476265886
-0.010884056644632881389
0.0087380225079820867534
0.013792027798404467645
-0.019680479637512671848
-0.022716533704247643399
0.01057238459159309113
0.028468144957694202501
0.0079721299600974473987
-0.0057760452205408360782
-0.11339511314621843197
-0.088244428925379342354
0.35535869088088922751
0.041077523532110846172
0.022415964758707249832
-0.043654892054461026663
0.23283972772255306927
-0.053697721460489532264
-0.05352281793493653822
0.0091625847970565454242
-0.017142229163280391091
-0.00093112994521102115594
-0.01572572604817833522
0.02520279348943804329
0.012483865978928554777
-0.001274572574228301702
0.0012633593349522828468
0.0047161605043890058794
0.00016508827581656314049
0.084449214079646464648
-0.0043017862136030451253
0.0087955263173764616086
0.0031059135850884157272
5.3905872723912742653e-05
-0.0019513211709738685282
0.045344639999636740524
-0.049486267675091309692
-0.0091711102213007326261
-0.013779217664637815124
-0.23983267945351766093
0.029559654244655980682
0.029542672495804379179
0.068702882537081219616
0.0011681067620730827255
-0.0027781926450680337858
-0.0030839449142027416419
0.012328749223867920687
0.0022343830943577329406
-0.0072088811556943448861
-0.024984330657990584668
0.042958817451266263776
0.0096777526672440841726
-0.0037630759029657714389
0.055066775687148350471
-0.056894763338524993734
-0.12768790440134084041
0.097986189454574310065
0.080739305959080867603
0.010617201832132550088
-0.21109088751108798232
0.15495353726785776605
0.01795052218140297598
0.020457187165063523554
0.22758835866025081685
-0.27345853376786882771
-0.23208663196467846368
0.08382600911133346322
-0.029435534146649681292
-0.01938558450194604113
-0.034957285611025977479
0.00030904668486005164004
0.0018698365719316482458
0.0009141419804385856121
0.0015181379653496753293
0.00056246696629158664076
-0.0013704714977910638536
-0.026028074794376552387
0.044236482730268790464
0.035483294475756314845
0.081094798846967963701
0.1558646992056247349
-0.092085043075571110238
-0.00012866032391587858071
0.0017160613106225503129
0.0003260110779607004153
-0.0052150755949066400149
0.017863788801917173527
-0.0089839067065377135879
0.00014592359207585904905
0.0001526421973314726478
-4.0530335535007181531e-05
-0.053515568167103594321
0.004087924777831899309
-0.02294371512585258871
0.019802029323845660863
-0.0074056749585494083613
-0.02255688730318160598
0.014226686449881488505
-0.017650335346165602762
-0.004477443375111191462
0.039373882038345402179
0.012174528767391352285
0.015622678503483665435
-0.023697432861635826101
0.0085084660229164492395
0.02126552276037264877
0.016005450968472736961
-0.0023256622551333506858
0.0049658411250284653637
-0.039362559545154426899
0.03340184337181464902
0.017356537855255749908
0.0014739798119953813511
-0.00032964190711044002308
0.0024410418602267202823
0.013961238039708244452
-0.0058591843521578331963
0.006333493972536549492
-0.023181723635904333963
0.03149093837532835477
0.0036970328908632900909
-0.028407128662978856082
0.027904754030184903552
0.053057572717441880972
-0.0070353148314707108363
0.064045474475250899205
-0.0083447672044517327838
0.00091974081105126016897
0.005093342136589768844
0.0053636125049406901955
0.018159508055079213312
-0.034420582955836671879
-0.031737905942392570513
-0.0084383090118496338616
-0.005999657374125676873
0.0036448555344647912309
0.018923390024092497097
0.023438620066728102498
-0.039339563018961465346
-0.10756323120287974993
1.0112600275929184424
0.28207971244963225832
0.040165549799845448598
-0.036330981142071262779
0.039145965304802778084
-0.057947533864982851692
-0.022311592460869302673
-0.051868904034753145205
0.00011739996326291857241
-1.3728756626427698017e-05
9.8326493610837310583e-05
0.066369041019826463534
-0.011148044375993156063
-0.015497772427305680359
0.016007530800494267076
0.035495255222434012043
-0.018698756531870405762
0.028718453714036407814
-0.047160079817411569569
-0.0096228025794801216181
-0.0010585870435562835194
0.013645380179518541014
0.0012970529083125622444
-0.00055929431861955099248
0.00059277082208497491444
-0.00200658835555333993
0.0010774457815597776253
0.062984930175852965606
-0.016301909751881466654
-0.090249151879632311113
0.024862748293415934397
-0.096507264033508302625
-0.0056444653659902732298
-0.0059453115000809480042
-0.011579996453374465093
0.0002267234097642560457
0.0001170760106102397937
0.0010546903114879587447
-0.0021746424551227299359
0.0072377971119002345451
-0.0026397034555185744376
-0.21058720540854003467
-0.1282819946989356974
0.23145454311926066948
0.069583649150478571466
-0.026135796316985090287
0.028570864909681810417
