0.093141747086836923497
0.049515306417787549598
-0.0081715074422260437076
-0.071085209175383939906
-0.0059359900871986236853
-0.057669161230031920629
-4.1913790530294095179e-05
-0.00014162604986546318783
-0.00030783991807363720499
0.0093836316881572619936
0.0039904514972404032599
-0.034548877312306318366
-0.00045121780273830655855
0.0007876340444533009048
-0.0012586420457302367922
1.0900060514539842149
0.90794747190520130875
-0.32036073579978924242
-1.0988183003308833463
-0.86130096673627587478
0.2962234591822248686
-0.004080865519876112138
0.0028362977451660154743
0.0013118986205367172068
0.61141416306133522518
-0.027140411097727846351
0.69465679052449791353
-0.036646979804868355657
-0.0015483198224548282412
-0.0062757800251842296019
-0.00014723767975845139088
-0.0097220087003933204628
-0.0073100742639612241447
0.0043413627544746221862
-0.022069780586106396703
0.13544652115788907709
0.00081787510963863706195
0.00020073058533283486557
0.0053417393827507970647
0.00038495059950624191001
-0.00012361260741454262245
-0.00056966493610863093173
-0.0004310957856015393253
-0.0004501225684750414114
-0.00040330970531385947888
-0.00012183610074246457226
-0.00017767896937465938898
0.00013351257519346541305
5.2686640120507879633e-05
-0.0021066279902914337302
-0.00092493800042095291811
-7.4040458096577560368e-05
-4.3537560512633032212e-05
-0.00021884166234566678508
-0.011951035558781511123
-0.001356251581446205794
-0.014927320185858341736
-0.019887561655432133695
-0.029568182791192464121
0.019530657159863143435
0.031630299883386878146
0.0076025763475016270784
-0.033492954214845785388
-0.054518547110218827656
0.0069095179632079209778
0.0008795602464700868952
-0.01362195829961399679
0.012233145343738059674
-0.022611411647010221104
-0.031792157735638336413
0.023551027635482221084
-0.00012708715812710254223
-0.056011271880102041221
0.057506818768479760207
0.066357480030234228252
0.00059446986696404073569
-0.00056521138031478197934
-0.0013063696106400274084
0.0029348234261363181051
0.0082406142581953403803
-0.0015921399753468035501
0.00028559909408188083671
-0.0046133948447462718931
-0.001984044879190688046
-0.024415670243155388613
-0.018005238680395649342
-0.0059236849193244839676
0.015458002923457477354
0.022833985183999674223
-0.0041570792602898766141
-0.0042573704009817026073
-0.015505778189293073846
0.007760454508578689542
-0.00043820917786995276701
-0.0066360436831031368796
0.0038231217578741940287
0.028512170896876461862
-0.012962875061144952388
0.0065890187872079293563
0.00095900320423793336197
0.00068392634685177035227
0.0024365110856189135802
-0.034820312475145109854
-0.015543569512234576072
-0.014517030967199371153
0.00054350929771690035738
-0.0021131492381345701528
-0.0036662996047417996393
-0.00078044559535751453511
-0.00072367151231048022948
0.00034578300305464893362
0.04486927628476499591
0.015212276228340136999
-0.045453285742841062489
-0.004148688097240896093
-0.0096350986008249678294
0.011443938901369847538
-0.001186777528369359954
0.028225909959808552496
0.048059590021554202122
-0.0038396543459862817957
0.00024677904228564631487
0.00033641760831691110015
0.011412469730730335354
0.004517717264681052336
0.081081878335438214989
-0.00119001921817724109
-0.0024093046273938783022
-0.0002365800986819809504
-0.056363150970024554487
-0.027569319271032614871
0.0046191364607327499436
-0.036334886137893630809
0.0055706747783353556536
-0.0052583900885527943767
-0.013370086015152464129
-0.0019195980095067660415
-0.00014156351945790495361
-0.060303764184328409459
-0.027377174265722892255
-0.018491212244918387581
-0.0075000540638590186895
-0.0099459343877124628541
0.0088027789875632297956
-0.00070296614918494246694
-0.0039831601732536773761
0.0013614940973896126359
0.030700457748148238246
0.0074713955117305160675
-0.071894611641933656165
-0.0053216846519697751788
-0.0081052735868845059153
0.0039510734076886010191
-0.00010639729847706105132
-0.0089681200143422248883
-0.002059086543151972086
-0.0011859259377185887591
-0.0037698573197729842894
-0.0052943642028748369097
0.0041234163485122732676
-0.0026260389864008314847
-0.0026838064365294379832
-0.018014289072317970358
-0.02031878639805404993
0.014924500387493867121
-0.054334605004044765619
0.014856050595552212565
-0.041743003599237493706
-0.071910345601882405542
-0.0076555255206071258153
-0.020528864578953150144
-0.043414717671699326607
0.01806423931537466665
-0.017188694331297573598
0.055216819393178816211
-0.0069406446457495009003
0.045682080762911130012
0.0015308193615006528664
-0.0030521969471531264044
0.0086961910556871292038
6.3350281417243927275e-05
-0.0021962649387499682402
0.0013595364369222704467
0.014927071333463605776
-0.027506350092374780292
0.0075608205116838378759
-0.022078281286223667979
-0.018185489896849541674
0.018085516527020051997
0.0045574429112004884168
-0.077959586755621188003
0.080085195115794899356
-0.075279967292359445397
-0.010646033206883424513
-0.017785775797152358207
0.020581450152807042459
0.0066824424221489167608
-0.022907316529604662692
-1.0551949645236358743e-05
2.2927010112964511633e-05
-4.1174973106340199904e-06
-0.028291200723274793211
-0.01224309736130602469
0.020397404220964063942
-0.00087488373813561525795
0.0001855929652848098963
-0.00038598409217730736843
0.032072217086172916112
0.093490585454121921671
-0.026887064258869938088
-0.05856283418889849518
-0.010671544895408129408
-0.040504850593581755158
0.019641090800268056621
0.0067266439955544236537
-0.0094358081831069709478
-0.01046820406525369139
-0.053107486291412125956
0.0051973621265034991579
0.012126285337307326703
0.0079942661630421490981
0.0087900341630255795361
-0.0097093358303410922522
0.0069843348242256755865
-0.020789404225666621717
-0.0021375885449870495741
-0.0011036123692127375491
-0.001321327794308760871
-1.2048040746038546356
-0.17434711974404704105
0.22581295029633341453
-0.006847404522248514043
-0.00074555445657135065683
-0.00088083771160582860753
-0.064861456642206410939
-0.065113639545224227811
0.086283839828260433524
-0.00034526810759286531011
0.012939165067854509206
0.0060854884055772497445
0.012905470283553602956
0.0067136703949538020092
0.021630997929282889253
0.00077392039269227560529
-0.0019278743869497803713
-0.0082602832767141448622
-0.0061058812211058155831
0.019311696953627405932
0.014306911468126296688
0.027149924773381867854
0.0011996984420096677097
0.0006116413278523648387
-0.00057750356885808698179
0.0028208348671400827572
-0.0019801180377365199675
0.0017290690208432086313
-0.0012131375645206136146
0.0032883177318734696168
-0.020421156319916453775
-0.0017993053529992816732
0.0067941746079518824594
-0.069864317576172854651
0.01492208307924623896
-0.060789955207760419664
0.0070435719642398296816
0.0067523477240512101705
0.0017503583112325128875
-0.0047665686658877447907
0.0088429420741835025599
-2.9648915598589013206e-05
0.0011777287616003284405
0.0029543320754431790995
-0.0029414568463159741774
-0.01263829643095057409
0.0014698399131258471986
-0.010726397982706038434
-0.016865112551824219811
0.052413967554970096463
0.028364167584057797811
-0.56113779241779027096
-0.043821644334434937951
-0.76416203440751084841
-0.053113096987950268735
0.0095171744673443123275
-0.014915781384460586115
-0.04318573599376968053
0.031242927777198451628
0.013991526756361481049
-0.013028239206859849181
0.020994221982102549001
-0.036793215084339178644
-0.0020734205722035448267
0.0035981825467470327472
-0.00056405170264416679225
-0.0041675191741945751683
-0.053912724437478486139
0.037211957794188302295
0.0012184466206735572371
-0.0022016838737366349783
0.0008453658345732740359
0.066936820043128994473
-0.034428131617493633321
-0.012619176243909888124
-0.052492313400489098996
0.019222746510152242255
0.021351023061220070903
0.029613458236074047952
-0.021602339303187344938
-0.016890278681283892037
4.5864481477213858728e-05
0.00025149985755923680991
0.00040901649696702981323
0.0459042287287856135
0.05705844141531279945
-0.0064474208171523168798
-0.0065191290639601195619
-0.013546195531586348315
0.028027891894036545406
0.0051644798365174078916
0.0022225721384588983422
-0.0008045710658313480956
-0.015241427116859829205
0.026381193419899660879
-0.015136585576502327791
-0.0017738183022578911646
0.00046555695482145876846
-0.0011910229419918418655
-0.016179674673260771578
0.039501406425630172792
-0.044729465478122301669
1.2723199366373896257
0.17915570388835022619
-0.028034317576694160745
-0.0032202750962556838527
-0.0042961465341771884127
0.0023808381731119298771
0.0086092110625270498042
0.052128982066233335579
-0.0046593986337187861396
0.034373492165257139852
-0.0041725675254563757491
0.0060326053167561533366
-0.031034163578763641206
-0.0086667830424119289556
0.043165045081295795593
0.011880686023275674468
0.015850099037934460566
-0.0085782519226464785944
-0.021945557182821047448
-0.011965564019144102684
-0.00082042912524022358883
0.064226636359614799887
0.066100276769055638093
-0.087026783007580377216
-0.031813012645371924192
-0.072012293664039397911
-0.21583814302745732427
-0.0068133837792097862174
-0.0032260277943582655984
-0.0054100799606131740049
-0.010531799698495750497
-0.011751229480602219668
0.018243511740328330339
0.027096502956944799184
-0.045886650725289475361
0.044301633402558875108
-0.0066163962159595550092
0.0023213607822604432306
0.011284685958125819163
-0.00057527165404516831387
-0.00038663546658611059595
0.0034764911242350111237
0.0092773528914339622314
0.012550787427043033628
-0.019841445360034064282
-0.0059987734089165141438
-0.0031752980496775095112
-0.0056814895864796275196
0.014761999621855474707
-0.0074199120737794659053
0.018263117430720222228
-0.0080342628763235470618
0.0019396474717600132882
0.0010973992293205087501
0.0001786660399875245899
-0.00017905998486049786366
-0.00035826360474359975582
0.035798574918392514488
-0.049246239715898407208
-0.0062958501590202912632
-0.061450257915258134356
-0.0046887373700124088463
0.0039754303839314207927
0.033168289377732425305
-0.023257619249686303092
0.03114024457558068476
0.00022855379720851588159
-0.00031904385111551175581
-0.00031908837737919622983
0.0028515469406458506495
0.0019471330550928538702
-0.0012141939046372749421
0.056181453817249961402
-0.01528683589404283491
0.014570290103724401962
5.9494218673694367774e-06
-9.573314802261515078e-06
-1.5970737626971043808e-05
2.8394643185954338742e-05
-0.0020265148990765710982
0.00038934268693116807613
0.021404779964771161044
-0.023361103684960710797
0.0058285512841273279597
0.027315932417112234742
-0.051706353233900638477
-0.042508751781498127498
0.034976623698076844682
0.00076622536354088645761
0.017820865723357705301
-0.071064949040975045058
-0.0049490765446747880807
0.043354968917031777575
0.035638165519641260004
-0.0031760231396343943655
0.064182725236573937022
-0.049065958957141345143
-0.0090791232305298882888
-0.02960754524404361071
0.0048566878617322742362
-0.029238445474036665883
-0.012884321456692921989
0.0052006728234506010428
-0.014788660499979344731
-0.021806915761997110875
-0.0062467943626003585508
-0.008871153205527329208
0.040163206634228440506
-0.045170701547247261998
-0.025315972966397912169
-0.016880837069333243239
5.3881815584621114328e-05
-3.5280612301269610861e-05
-0.00089956693707789409445
0.0062619554807376350686
0.042315187463342084084
-0.062740813014813184845
0.14246530243616145617
0.020228255422130379804
-0.3239704042623107183
0.27801290182065435674
0.19833193134210003183
-0.079703520171240230252
0.0019815255294830160654
-0.0011256325702374955691
0.00059314117967054465555
0.0021501379344560033434
-0.0059622571737463908592
-0.011470074200412884446
0.0047914663886249779859
-0.0048112116386671861107
0.0021498058346126197593
0.019081744548637657316
-0.0024194266017480274035
0.016503160176008856153
-0.0015004216996275694662
4.8139141983629403878e-05
-0.0017408357589169887528
-0.024375740270070275079
0.054475082345988128096
0.032974907756803235881
0.00047576389932847354012
-0.00065252082713853005232
0.00013345305758656012484
0.010643553121093779143
-0.0017927699777953549302
0.018596270815507309065
0.011603702150243632232
-0.0043313411097391750493
0.0061831856426232669963
0.090715141774298527211
-0.060724800773335203818
-0.00099268499928318004559
-0.53212933105327087091
0.18289658127344438077
0.10354902490002046433
0.11166228350100773636
-1.0176589483869922237
-0.27267682663275910615
0.0080109450620793158648
0.031013447468872440416
-0.007901162550615577207
-0.0014202482205158501946
-0.002004468832830800986
0.00017249075035616497596
-0.001320752661509812546
-0.00081371831915332741396
-0.006243271637902847622
-0.0012692423240689724648
0.00086081555275239801574
7.211840355163038859e-05
-0.010384159048669886274
-0.003115336888479616935
-0.0004279734891676757161
0.001317647594939159051
-0.001819094339731936209
0.00052262873017611133093
-0.00089258626583929437989
-0.00095274167818036733721
0.001826110669059570913
0.27152907265240394663
0.11688454426170875877
-0.20474671460041626858
0.066996741777856722022
-0.041101621791543224704
-0.048366601847584872464
0.0017927519908298846993
-0.031962728526637756987
0.0083732628461667193975
0.53299115587935741445
-0.18477415412171027675
-0.1030637791210250731
-0.019130308690990204673
-0.025867025323811413534
-0.039220180122800145373
0.024757140643329862001
-0.0010205482934705044362
0.029079190854169982561
-0.024452602184304998711
0.018578941635510805297
0.0054553257768619129245
0.029905560447910078253
-0.050465026374960822442
0.038682662412825356835
0.02669429904581977972
0.0088346808603345702154
0.021224988902207038433
0.00019851974660245396104
0.00050858822788264952154
0.00091311402618075561497
-0.01088397825778317056
0.0087379609481383450909
0.013791956648393857016
-0.019680563105821644726
-0.022716501621945512507
0.010572338127517542233
0.028468165786270250434
0.0079721782031389361312
-0.0057760666309979464411
-0.11340208662314663068
-0.088247108776843288802
0.35537400255182188813
0.04107713282347941891
0.022415726783022230789
-0.043654463823984988868
0.23285525433672410456
-0.053701415594405575715
-0.053522308548213347323
0.0091626018880672649436
-0.017142374406937291309
-0.00093121942772590021991
-0.015725822959788891137
0.025203014803973865926
0.012483958975046916332
-0.0012745588265448428399
0.0012633685511742897591
0.0047161198527076739553
0.00016436807168172156216
0.084448001929795749043
-0.0043022414510269692961
0.0087955508806677393241
0.0031059128355604712426
5.3903486233534198457e-05
-0.0019513137693202538617
0.045344341603870491619
-0.049486028843293519697
-0.0091717403480761957452
-0.013779557455804726865
-0.23984338241108324463
0.029559358693007409258
0.029542244887044367269
0.068702520777680714525
0.0011681026528232831344
-0.0027781654571350047379
-0.0030839330406377835764
0.012328704906806672512
0.00223437519454787719
-0.007208855002132469672
-0.024984127309599719197
0.042958471603362004265
0.0096776921868884698691
-0.0037629415589164371195
0.055066880762833850249
-0.056894737706627451779
-0.12769695677627768138
0.097994073120172150992
0.080745837050850491345
0.01061802235372906987
-0.21109506993518611928
0.15496026652467531637
0.017951292568039740882
0.020457349867535071231
0.22759889571008171116
-0.27346273716370850249
-0.232090289390041421
0.083827540241066741955
-0.029436306550203624605
-0.0193826778699033829
-0.034958401892375756681
0.00030904617118134643673
0.0018698210925808882946
0.00091413960784287380968
0.0015181431069232775334
0.00056247165547766502739
-0.0013704698036861523783
-0.0260284262593936562
0.044235675659822261407
0.035482775745261672939
0.081096331499573959256
0.15587011388034766046
-0.092085310601391356933
-0.00012866174819637217442
0.0017160594539323277379
0.00032600902900278773584
-0.0052150362083800329976
0.017864004918411890976
-0.0089838735146167154194
0.0001459248795464930591
0.00015264329975031340589
-4.053003209030517839e-05
-0.05351544363392635173
0.004087909264985347714
-0.022943665305074540522
0.019801960622952939628
-0.0074056973177634615249
-0.022556762011265135692
0.014226614607713950617
-0.017650377806923342461
-0.0044775744286541787828
0.039374077860693253161
0.012174596596567383369
0.015622756748486179082
-0.023697185241594653088
0.0085071127646542659545
0.021264208968720044873
0.016005497797761739087
-0.0023256747357302178653
0.0049658570258149948434
-0.039362288513314830363
0.033401635115579933477
0.01735662177088617697
0.0014739899225126257363
-0.00032964653371096296498
0.0024410577883402333199
0.01396120061593141698
-0.005859253766252594392
0.0063334546962133947412
-0.023179804061354197797
0.031490593438003824933
0.0036953094537575830771
-0.028407017086600924033
0.027904763683561342041
0.053057723318944025048
-0.0070352664300289292215
0.064045430708372166895
-0.0083447343281111488467
0.00091974527483476456284
0.0050932662217267367366
0.0053636335092395095309
0.018159138357833858046
-0.034420417595545878264
-0.031738084003752081719
-0.0084382872179642794824
-0.0059996295147001169751
0.0036448426447441037261
0.018923664285903002424
0.023438933176072287295
-0.03934012737478911198
-0.10756935461963151868
1.011316844051136643
0.28209523590229745871
0.040165133417838609631
-0.036330056313179953653
0.039145584860781110215
-0.057954327913708456044
-0.022315990599407212192
-0.051875628525412532943
0.00011740013807761254304
-1.3728857856075234712e-05
9.8326433053683306258e-05
0.066368919160601058671
-0.011148363974059530626
-0.015497459663816033279
0.016007492119880881165
0.035495066273435987858
-0.018698751045886370659
0.02871825095363806854
-0.047159745880196848877
-0.0096227476308283349526
-0.0010587091141944929631
0.013645586497629169989
0.0012969897360398886712
-0.00055931055184124959991
0.00059277587734579359219
-0.0020066054985824160854
0.0010772584513169826924
0.062984034066423610909
-0.016300996635941079199
-0.090253268608009751262
0.024862597932104126691
-0.096512518487397933042
-0.0056445788840592849012
-0.0059452031341920676469
-0.011579946804940547192
0.000226725635259259037
0.00011707601996435092087
0.0010546957130973435689
-0.0021746808279717671185
0.0072378927983248282294
-0.0026397441814225816765
-0.21059168111759399289
-0.12828452947818322349
0.23145837094794982636
0.06958284399222348926
-0.026135384839130061663
0.028570354178268343726
