0.093141704476074088648
0.049515763979100381464
-0.0081708463921893181858
-0.071085452156413569957
-0.0059361340749173284459
-0.057669285744941352345
-4.1915706953910533466e-05
-0.00014162806731556109099
-0.00030784219203896704244
0.0093835437002589405092
0.003990281045160290474
-0.034548742458382714071
-0.00045121301008312027008
0.00078762258835614806438
-0.0012586294456400669902
1.0899354340552509512
0.90789152641665038512
-0.32034145642497624529
-1.0987476029090668117
-0.86124526993621608462
0.29620429408866161269
-0.004080878949231699776
0.0028363145456263782161
0.0013119073856826537431
0.61135700048600472023
-0.027142154733783726422
0.69458973150491176707
-0.036646834689615576108
-0.0015483189847224625591
-0.0062757634200506905858
-0.00014724113577178264646
-0.009721965564555625286
-0.0073100502888284284164
0.0043445968302449969323
-0.022069443547326095256
0.13542981379073423809
0.00081788339649652359083
0.00020072631526849769824
0.0053417235273679709515
0.00038495260081968500241
-0.00012361194936448679713
-0.00056966560363341995667
-0.00043109348993690274838
-0.0004501268875159171695
-0.00040330935012247926463
-0.00012183403326046195669
-0.00017767768393375882948
0.000133513177883386278
5.2686445295348890083e-05
-0.002106624303687914309
-0.00092493273445248672983
-7.4040286628656806376e-05
-4.3537404966737098774e-05
-0.00021884168829596351968
-0.011950934059392669465
-0.0013563048499037611005
-0.014927254370826245622
-0.019887738945388391126
-0.029568470590090243505
0.019531227285262783844
0.031632860679928966052
0.0076006849672993906722
-0.033490882064962292086
-0.054520659195150540655
0.0069098564028582639199
0.0008791727605240280902
-0.013619771296756979367
0.012233104470904877445
-0.022614174555267731875
-0.031791976806522292964
0.02355089197680373253
-0.00012711261562038661662
-0.056010094572663302048
0.057500602404147754809
0.066360442798822943944
0.00059446859524905091079
-0.0005652139460881329229
-0.0013063698960972939568
0.002934828632098423519
0.008240597607340164818
-0.0015921391620649521809
0.00028560428520223488753
-0.0046133957752705753372
-0.0019840517442863379871
-0.024415503972910791719
-0.018004999153154340602
-0.0059235311890461286866
0.015457908789317686971
0.022833893806267269166
-0.0041570610904311435657
-0.0042573368688440258248
-0.015505759352627291117
0.0077603670214543268163
-0.00043814054243122244623
-0.0066361040463922722765
0.0038231080358084295473
0.028514743993826290741
-0.012962821505001402914
0.0065896413242942921892
0.00095899942493377131423
0.00068392422686743134172
0.0024365175316345155133
-0.034820467705753359311
-0.015543572628034766844
-0.014517078434786417906
0.00054349902842141075473
-0.0021131498090921673264
-0.0036663061125135829044
-0.00078044171705119217645
-0.00072366793766496986112
0.0003457821077619957148
0.044869534033483787772
0.015212322066916434543
-0.04545336365696833747
-0.0041486847046913405759
-0.009634999402034076163
0.011443861387232150476
-0.0011868104475976708981
0.028225818151866862576
0.048059673718230326578
-0.0038395773721071574207
0.00024673088553481931865
0.00033644322624318978186
0.011412639814862259729
0.004517311352474053833
0.081082522429380243789
-0.0011900253501164073742
-0.0024093011441133774589
-0.00023657892591464479851
-0.056363330563941528573
-0.027569603909470732916
0.0046192841801824553044
-0.036338705577063729057
0.0055712490410339187905
-0.0052589907709803878841
-0.013372936047484676111
-0.0019189069631605321867
-0.00014026922668128831819
-0.060293069032817690756
-0.027374197309975187298
-0.018485547514310023132
-0.0075000250094349471888
-0.009945842093105011425
0.0088027138195422571787
-0.00070299246241952166765
-0.0039831300090390027099
0.001361459028077217177
0.030699024988304533801
0.0074669480315161344819
-0.071888232614946187549
-0.0053216638240456068387
-0.0081052680129948539989
0.0039510586426825091214
-0.00010636167527628282835
-0.0089680754446287633264
-0.0020589781773544526752
-0.0011859058202924311048
-0.0037698700749250056881
-0.0052943284964000513274
0.0041233870900072387006
-0.0026260218241049757514
-0.0026837866849855770111
-0.018014436178430348612
-0.020318736907803572334
0.014924285790313096892
-0.054334961730134953561
0.014856208821518293584
-0.041743040799429351195
-0.071910408122726421354
-0.0076555593870339666562
-0.020529063245045251623
-0.043414483106688044056
0.018064594860492163425
-0.017188658271170165204
0.055206133886824548807
-0.0069433667967458622891
0.045676225585190244338
0.0015307911413673437086
-0.0030521708178779748642
0.0086960439221380140401
6.3351316266924321912e-05
-0.0021962745860469165202
0.0013595522486617407035
0.014926999980813277641
-0.027506306362063102922
0.0075608203680015270351
-0.022080938111835011345
-0.018187571047009017805
0.01808699217284658739
0.0045577007524533995342
-0.077959811102897014212
0.080085251810905352943
-0.075282747909667602215
-0.01064579825793382159
-0.017786069484648333455
0.020580989464941461253
0.0066823052731392242748
-0.022906864265278728543
-1.055195145634168126e-05
2.292689874548293989e-05
-4.1175444152226712351e-06
-0.028290700407644989167
-0.012242903824354958719
0.020396972377018769695
-0.0008748835076931945785
0.00018559398606591661946
-0.00038598129089756734933
0.032072232926793502183
0.093490582875386946116
-0.02688694467426593071
-0.058564502958959804846
-0.010675037740287026192
-0.040507756435246976279
0.019640944331168998932
0.0067266053335454613002
-0.0094357597495958317468
-0.010466558466333816119
-0.053097884822214086453
0.0051964888723777368645
0.012126202144963548965
0.0079942221743924072458
0.008789985593897474761
-0.0097093620601953894989
0.0069842889306066784777
-0.020789476522392769109
-0.0021375868219634121779
-0.0011036249371196276553
-0.0013213353623377254494
-1.2047188209774979395
-0.1743376063587321334
0.22579273839750998998
-0.0068473946935446814571
-0.00074555085360817707849
-0.0008808270394410520291
-0.064854713703313859874
-0.065106786648081324542
0.086274775881833465352
-0.0003453251786270600341
0.01293923224472879642
0.0060855036195830956858
0.01290548306047965138
0.0067136638426938738053
0.021631018336325906481
0.00077393186427838220678
-0.0019278817403849367318
-0.008260276365195858353
-0.0061057990685443172194
0.019311569769990516443
0.014306792501140197515
0.027145173263609573278
0.0012019782717017967258
0.00061172537413801541129
-0.00057750726106490656193
0.0028208338937991978695
-0.0019801177676366300308
0.0017290747557656338182
-0.001213139384460458492
0.0032883318476507406372
-0.02042101362290244318
-0.0017992526891210665167
0.0067941183605446618665
-0.069867035224742884969
0.014919726455388315073
-0.0607917165855781233
0.0070435637407210731006
0.0067523088108566303722
0.0017503682092012934172
-0.0047665703769068515708
0.0088429140484158116203
-2.9662695868897228572e-05
0.0011777217221495192827
0.0029543168295743092201
-0.0029414392536567693197
-0.01263817937375545479
0.0014698306616541358723
-0.010726319610618595402
-0.016863163525111649066
0.052417324419926761281
0.028367091700615933852
-0.56107976426425609784
-0.043820024995994466543
-0.76409599337487843496
-0.053113177388809801327
0.009517225114649660242
-0.014915722394082005925
-0.043186032856754923148
0.031244051427390090447
0.013990566069675639677
-0.013028007038050013963
0.020995967379293965088
-0.036796470250205735864
-0.0020733688400987266079
0.0035980990743021859339
-0.00056403610957584651622
-0.0041678296494204658193
-0.053914119331892135234
0.037211365783832182907
0.0012184476919884497208
-0.0022016831223435318586
0.0008453665308412862487
0.066936585972359047281
-0.034427966460536162108
-0.012619100625048279909
-0.052492860417275001572
0.019222712493842445541
0.0213510906632172065
0.029613820643040831421
-0.021602297679795216118
-0.016890502229568574166
4.586381299450216167e-05
0.00025149784798792331007
0.00040901222153923172268
0.045904340512238517302
0.057060227947921968172
-0.0064476318642579825632
-0.0065193124531210035894
-0.01354796020037290355
0.028031292555120556481
0.0051644390411372054564
0.0022225596824907447278
-0.00080456185971824469797
-0.015241516726593790435
0.02638119269999499375
-0.015136728895961659366
-0.0017738101252525229935
0.0004655611916384304631
-0.0011910195546748394545
-0.016179876601262795782
0.039502039530473764817
-0.044730147432837166765
1.2722310941722247968
0.17914129103239623264
-0.028029064438455302682
-0.0032202906194805135456
-0.0042960499245223845652
0.0023808103038283957333
0.0086075691159128650543
0.052119383997788093499
-0.0046585273537736397037
0.034377309922649736118
-0.0041731189761217207454
0.0060332023729156693606
-0.031036205412597533265
-0.008660980727359187184
0.043163010318347079519
0.011880614667140472485
0.015850003229523703524
-0.0085781868192805425105
-0.021945321579075024315
-0.011965562364763241213
-0.00082050409569297774216
0.06421989110414619284
0.066093424682504342549
-0.08701771956198418867
-0.031810236072331354862
-0.072009170262140029251
-0.21582139845467221417
-0.0068133797592666899348
-0.0032260312066088006784
-0.0054100592242986300651
-0.010531737198730477603
-0.011751152379304964993
0.018243404747580002634
0.027096972137544143161
-0.04588842352045018752
0.044301918872125332916
-0.0066163623641191816188
0.0023213483946426657564
0.01128463093800633095
-0.000575296776462484033
-0.00038662514366669722401
0.0034764694607550593666
0.0092786933616639706568
0.012555080859425112386
-0.01984490682374963344
-0.0059987966366233753598
-0.0031753037619778111227
-0.005681484958922198257
0.01476217472992121145
-0.007419827968984089514
0.01826286418065165354
-0.0080356428938342366192
0.0019355421687641328251
0.0011008641694383446575
0.00017866600406362548054
-0.00017905973158023863034
-0.00035826247275516951785
0.035798587109734034128
-0.049246357970922777225
-0.0062960807246650544317
-0.061450358365058264931
-0.0046886890667126234974
0.0039754143299687433322
0.033168394409803923784
-0.023257592773242834888
0.031140251285889430921
0.00022855281756717609875
-0.00031904247405084698369
-0.00031908683852403726131
0.0028515330369749034532
0.001947122634851286907
-0.0012141862265194628204
0.056181719149192531348
-0.015286890565693427024
0.014570373974136616169
5.9493885332160407998e-06
-9.5732837001269787623e-06
-1.5970913235131523565e-05
2.8390158307793998677e-05
-0.0020265108544134055081
0.00038934654861144121036
0.021406259099039121052
-0.023361138621543441757
0.0058294624972566018786
0.027315888455308464516
-0.051706151610693189269
-0.04250929867372905957
0.034976526625609856425
0.0007661455287082986898
0.01782090981145103073
-0.071066466739731798397
-0.0049514154236916536195
0.043353850171860282281
0.035640244376434489226
-0.0031763128975961026253
0.064183542577370245041
-0.049067818665053927751
-0.0090793351425722899212
-0.029607918751716994638
0.0048567027865719933702
-0.029238349601391617344
-0.012884278562291051271
0.0052005115652010549046
-0.014788636830358045313
-0.021806747422807273157
-0.0062468071887794088259
-0.0088711669300134739918
0.040162954362755333426
-0.045170982738455434102
-0.02531604806538936131
-0.016880871754579293564
5.3880186791681351224e-05
-3.5282273159091027959e-05
-0.00089956598272743432468
0.0062623649574844427249
0.042316556087172212119
-0.062742847999486997534
0.14244956960965274306
0.020228825499267542865
-0.32394521593883707222
0.27799941792166271703
0.19831956518300952741
-0.079697595882517457966
0.0019815147744402586416
-0.0011256287664542601306
0.00059313171572385105929
0.0021492705832157794898
-0.0059639669934269693916
-0.011474762429569792394
0.0047914179848808817822
-0.0048111520948752048779
0.0021497832674309230554
0.019085458028197197639
-0.0024183752189598267841
0.016506538772332216697
-0.0015004107455001782813
4.8128534346546641965e-05
-0.0017408427473830636809
-0.02437738576848175881
0.054479435502742194763
0.032979980414173042103
0.00047575785360143421155
-0.00065251248258716549027
0.00013345040450738883896
0.010643555070686866806
-0.0017927521619056877456
0.018596238975796840209
0.011603588957573190629
-0.0043312608183830409933
0.0061831924604637874404
0.09071533708999256207
-0.060724984779350926756
-0.00099276390432645488827
-0.53209453990066002405
0.18288460084724239563
0.10354225630341261366
0.11165264358657020494
-1.0175696347711877809
-0.27265245347875216586
0.0080111238036576597199
0.031013219859043469895
-0.0079012440073042752159
-0.0014202440842109589295
-0.0020044596348827397984
0.00017248480212360929793
-0.0013207514317375541272
-0.0008137133118013486089
-0.006243255419846423758
-0.0012692217822817372826
0.00086078914412370997021
7.2128674004442370994e-05
-0.010384081394276626839
-0.0031153233695934172062
-0.00042797027550129973549
0.0013176529300969715489
-0.0018191073191869248666
0.00052262997076814115237
-0.00089258544373991394703
-0.00095274425918092113443
0.0018261067398032515118
0.27151540388485306821
0.11687698561722929813
-0.20473465946402846782
0.066995136366947982687
-0.041097627684377580071
-0.048356148079268697348
0.0017925302986970287778
-0.031959271258575172592
0.0083637601017092361166
0.5329563494291533754
-0.18476214795762579968
-0.10305702334550230492
-0.019128370842724833067
-0.025874751985279050709
-0.039215690187874747974
0.02475693037447844469
-0.0010205443258373503388
0.029078940078461932434
-0.024450078669250249058
0.018580957992961496389
0.0054538573403223799749
0.029906082644943619842
-0.050465981626102746072
0.038683226226011842297
0.026694224882666914289
0.0088346849857284422136
0.021224993980239123537
0.00019852674682863105855
0.00050858103410112126107
0.00091310810932430930276
-0.010884059102867585725
0.0087380897953687891588
0.013792008753060981327
-0.019680464115328009239
-0.022716468592719103042
0.010572181410082089753
0.028468002070357191491
0.0079721112596809924622
-0.0057760314273654182748
-0.11338886420889074391
-0.08824239566718047878
0.355345609831832554
0.041077515272222531184
0.022416002740427758144
-0.043654922450559179026
0.2328332392543006335
-0.053695619455141146981
-0.053522179167604412575
0.0091626302632044180629
-0.017142427526555339273
-0.00093121230532705351769
-0.015725865239295973991
0.02520297547590980014
0.012484017377506409843
-0.0012745536013789664741
0.0012633963635158727487
0.0047161106511254408113
0.00016626754269965246871
0.084451239903184163738
-0.0043010362560165762633
0.0087955694902563316684
0.0031059238326464513706
5.3922131871647665169e-05
-0.0019509839693706350783
0.045344592347896339746
-0.049485934083900298686
-0.0091707991819114671045
-0.013779325484651850156
-0.23983036493920242838
0.029560252955003512437
0.029543640594878479294
0.068703628166855948423
0.0011681024621627599577
-0.0027781777601348892244
-0.0030839425247530254277
0.012328665767392447267
0.0022343672264985015019
-0.007208832536630088543
-0.024984199079556276835
0.042958687060106623412
0.0096777600003398016326
-0.0037631408871359930263
0.055067033947621572831
-0.056895014823715742147
-0.12768377236917929918
0.097982628250759151722
0.080736430519105548131
0.010618492938381744045
-0.21108294312200753806
0.15494562484144971948
0.017950314443701070877
0.020457055612524640414
0.22758576432892180241
-0.27344856049233917661
-0.23207781044055866837
0.083821951029175875703
-0.029434808304746009483
-0.019389518536733065662
-0.03495632748025285369
0.00030904340745729604132
0.0018698230961179576181
0.00091414674989681284425
0.0015181402721850189522
0.00056246435570866276134
-0.0013704725605094352728
-0.026027094798377545248
0.044237922278115841823
0.035484047582802991094
0.081091043945732868559
0.15585569039738925157
-0.092083841936728250133
-0.00012866144653742101942
0.0017160567503182592216
0.0003260054047534718751
-0.0052150213517293143167
0.017863944497872222272
-0.0089837556922677513221
0.00014592367813097371627
0.00015264190731753397531
-4.0529999469514093496e-05
-0.053515659654322297878
0.0040879393767055301201
-0.022943778826480465405
0.019801817086395771816
-0.0074056125636074504257
-0.022556609267287457826
0.014226331678320144891
-0.017650266436275596771
-0.0044777611822982956238
0.039374222177580825432
0.012174633951223957917
0.01562280806886458262
-0.023697250244039461814
0.0085080544666449754027
0.021265269287801202847
0.016005392591345667108
-0.0023256558518181913268
0.0049658298679799463271
-0.03936323049287100001
0.033402434820602719401
0.017356751528071298618
0.0014739786106914541403
-0.00032964029063480677038
0.0024410377819944904972
0.013961295694178364399
-0.005859194092595999305
0.0063335438176980052988
-0.023183756598566016005
0.031491395259740630197
0.0036990715786974067911
-0.028406911474018033126
0.027904454284289826466
0.053057599798624920096
-0.0070353391149123823897
0.064045591854042127622
-0.0083447788869261806805
0.00091979561559600499666
0.0050932157603279168412
0.0053636441555155881314
0.018160254669427975532
-0.034421198762408629357
-0.031738015940907277068
-0.0084382394038800493524
-0.0059996186858682796703
0.0036448337448970547295
0.018923433783100185313
0.023438667294648010686
-0.03933964900019829708
-0.10755974479823310341
1.0112276044203485359
0.28207082143898171145
0.04016553305188368117
-0.03633101344221529444
0.039145948385673957903
-0.057945224391718549994
-0.022310212077765959743
-0.051866612677009100996
0.00011739949432504233069
-1.3728659296350904676e-05
9.8326188148386119495e-05
0.066369275509237449229
-0.011147406767769273833
-0.015498099009724576602
0.016007463701344242651
0.035494987761938594228
-0.018698588899221716547
0.028718365640150962659
-0.047159937634688363362
-0.0096227762036500009285
-0.0010586659551165130896
0.013645586050235839273
0.001297049535922477825
-0.00055929550861402385371
0.00059277044050345950588
-0.0020065847955516294063
0.0010768542109428414551
0.062985036358711402049
-0.016301652222402436554
-0.090245648876904768776
0.024863539424349379026
-0.096503811736506586727
-0.005644401446058089182
-0.0059453543811665609045
-0.01157999019620188641
0.00022672406650046077062
0.00011707648928506381506
0.0010546894455895411066
-0.0021746518467406945885
0.0072378146620231996813
-0.0026397144148646144862
-0.21057815717512354259
-0.12827683675844162026
0.23144643251586646815
0.069584441962713849961
-0.026136507123334793562
0.028572168514473892525
