0.093141641283922479988
0.049515864168649899313
-0.0081709335036327483681
-0.071085848057789113863
-0.005936181107961041592
-0.057669487523184806421
-4.1913159143980799955e-05
-0.0001416253810272987833
-0.00030784016360107060474
0.0093834741118496191314
0.0039902632208191684757
-0.03454858916616150577
-0.00045121103929221940791
0.00078762481168321749839
-0.0012586434280181554683
1.0898881558291892979
0.90785428308447158052
-0.32032863906090131012
-1.0987003263757235683
-0.86120804898403913175
0.29619147111442378772
-0.0040808492078124010763
0.0028362956832382983652
0.0013118957174829380674
0.61135228678317909967
-0.027142272411503565871
0.69458353327319721782
-0.036646546316255940168
-0.0015483044193797938261
-0.0062757132787263055287
-0.00014717578353183559045
-0.0097220513477665262969
-0.0073100386450027842952
0.0043452164722886967019
-0.02206943484552690779
0.13542733078885588194
0.00081788296808655929458
0.00020073644734197769392
0.0053417311863230843016
0.00038495158219408143153
-0.00012361172575016626893
-0.00056966428685413701433
-0.00043109712460657405135
-0.00045012450223594601675
-0.00040331113283071078762
-0.00012183621241635814766
-0.0001776801391914843405
0.00013351063999769168422
5.2684421749541220971e-05
-0.002106625347604331594
-0.00092493073996316921195
-7.4040168623891829862e-05
-4.3537242392510272255e-05
-0.00021884028608907008938
-0.01195076582618821194
-0.001356207769405962018
-0.014927290537623249048
-0.019887813023658683365
-0.029568381082960983053
0.019531119270909304969
0.03163284652571510952
0.0076006514414453168679
-0.033490789848806046258
-0.054522535273295959224
0.0069101727867728508781
0.00087893184214752359627
-0.013617283241701784446
0.012231878274669800641
-0.0226142250038080736
-0.031792049769467305154
0.023550921338393395604
-0.00012722044236717085339
-0.056009037238247717794
0.05749706728964765895
0.066362222585383712214
0.00059446637235758138362
-0.00056520872407152624763
-0.0013063626238731247502
0.002934807218536268289
0.0082404886949631502013
-0.0015921207090513127096
0.00028559777216553486464
-0.0046133771035588360884
-0.0019840230696813775449
-0.02441545303452097998
-0.018004965430055076131
-0.0059234431254622747082
0.015458160929185641927
0.022834094593802495982
-0.0041570989044527667175
-0.0042573513895460797854
-0.015505710806402245999
0.0077604317413109543886
-0.00043830845622396891409
-0.0066360416435379031633
0.0038231227305743913265
0.028515703379987874383
-0.012963232863069280854
0.006589680913221251761
0.00095900055267190932248
0.00068392344334612610503
0.0024365058430693095105
-0.034820210874095584852
-0.015543571509265424052
-0.014517001528297129864
0.0005434922065785142975
-0.0021131428672818905468
-0.0036662937802142449295
-0.00078044305354756484186
-0.00072366942962321073162
0.00034578227678839671766
0.044869053948544214416
0.015212440420105291516
-0.045453041731087481803
-0.0041486819524750463001
-0.0096350550866055664767
0.0114438958682130075
-0.0011868019330968160915
0.028225896746254749287
0.048059600485198972208
-0.0038396232221923460269
0.00024675560187053515934
0.00033641938949954271849
0.011412634529710597928
0.0045167704035172246552
0.081082789861686099808
-0.0011900205139334066491
-0.0024092910846972440467
-0.00023657367086186628907
-0.056362898281184750648
-0.027569212552297224506
0.0046192156214822375007
-0.036339886053999445603
0.0055714270956112458069
-0.0052591838854742977913
-0.013373549740951744605
-0.00191850440028279055
-0.00013929720032009203484
-0.060287080185172259306
-0.027372570920657032095
-0.018482307111262624016
-0.0075000612948865341689
-0.00994591399159148494
0.0088027448440382953521
-0.00070294937400461592752
-0.0039831635508869389986
0.0013615129251570462932
0.030698736000843083321
0.0074665121098594459947
-0.071886445837338275311
-0.0053216322248125554756
-0.0081051848985616709031
0.0039510358921380044073
-0.00010640125117241094064
-0.0089681090841922609519
-0.0020590376318710729327
-0.0011859500624717921307
-0.0037697986579420818785
-0.0052943506752281994931
0.0041233805981387271905
-0.0026260220337124043875
-0.0026837831117886503003
-0.018014139289854132209
-0.020318629596014950445
0.01492413424201529358
-0.054335517063508441404
0.014856487598496496971
-0.041743002575850778058
-0.071910644537591897341
-0.0076553254681593352338
-0.020529235943855667079
-0.043414331405028490363
0.018064532257552511768
-0.017188536703708366671
0.05520017212884976987
-0.0069449678217468439889
0.045672927427743384432
0.0015308026263136731773
-0.0030521785452010206235
0.0086961238757038740455
6.3350288138979603475e-05
-0.002196262548489157345
0.0013595386385235998586
0.014926951992309088132
-0.027506190776019706634
0.0075607896179514313961
-0.022081460866590872649
-0.018187941860899860952
0.018087285123963070532
0.004557923199304815022
-0.07795991464536679294
0.080085612573157563543
-0.075283645801371548711
-0.010645715690641297663
-0.017786093165492181806
0.020580900583958585542
0.0066822445846490925378
-0.022906780488349952341
-1.0551951132311985227e-05
2.2927005457493732787e-05
-4.1174799452808756559e-06
-0.028290642503552825698
-0.012242877153431952139
0.020396916911228649139
-0.00087488364815609283558
0.00018559155975666612745
-0.00038598000562755214972
0.032072254839342652366
0.093490274187326166677
-0.026886868195176771845
-0.058564934841380360264
-0.010675310589197252106
-0.040508070590402588118
0.019641012838701205068
0.0067266081362965758281
-0.0094357485635781120081
-0.010466355167403108839
-0.053096681829479776271
0.0051963814134243163992
0.012126252076228765178
0.0079942525837511484166
0.0087900174175185637887
-0.0097093374540395422506
0.0069843415215550472275
-0.020789419416324738527
-0.0021375839242768848204
-0.0011036257728830056474
-0.00132133108678647972
-1.2046617940182728912
-0.17433071513868284019
0.22578303866130397526
-0.0068473825976685083819
-0.00074554756614884096569
-0.00088082338816662848497
-0.06485418069259449303
-0.065106245885075811342
0.086274060569026367329
-0.00034527375306490405444
0.012939104550165491173
0.0060854514931822697305
0.012905466662194301983
0.0067136740080449798171
0.021630974190191516043
0.00077390993632205193516
-0.0019278642262406430266
-0.0082602682637416390693
-0.0061059601444519049848
0.01931147349765569704
0.014306943613549295488
0.027142420978568466278
0.0012032012838520079676
0.00061172961683049118225
-0.00057749855732688100841
0.0028208301844345183042
-0.001980115137990112132
0.001729040830656493723
-0.0012131099768603510487
0.003288271999691866343
-0.020421049359731924949
-0.0017992856851101980339
0.0067941666326372246454
-0.069868687193344908293
0.014918366372985845947
-0.060792786870029001667
0.007043569783564205232
0.0067523282435663087644
0.0017503171636322118788
-0.0047666171159646466421
0.0088430105689269854902
-2.9645068955416333076e-05
0.0011777227050268871018
0.0029543190873790301822
-0.0029414425873008189297
-0.012638238732778028783
0.0014698372713982685387
-0.010726357482672255195
-0.016862838571865757659
0.052417378940030026624
0.028367274850028594002
-0.56107466970411912222
-0.04381944252466594969
-0.76409062642616598637
-0.053112573837322318848
0.0095172304071485039345
-0.014915644930617196623
-0.043186106416779355965
0.031243969773769812021
0.013990656155661803511
-0.013027918178879450625
0.020996860593132160577
-0.036798449540132491253
-0.0020733885921146453027
0.0035981285447047092058
-0.00056404170779258283337
-0.004168542783888833092
-0.053915802256475346688
0.037211089477967196348
0.0012184436138072064944
-0.0022016765555120530913
0.00084536322005391878898
0.06693665701645021282
-0.034427829561124972946
-0.01261899462844981272
-0.052493015809204172928
0.019222691030657886035
0.021351152870604343803
0.029613643078462953406
-0.021602247997849318567
-0.016890437110169284618
4.5864364776762215443e-05
0.00025149781856077704344
0.00040901233904543066698
0.045904386969914431904
0.057060628240663921473
-0.0064478059317231049483
-0.00651938992226817806
-0.013548905822881290861
0.028033265269323929397
0.0051644661165504346031
0.0022225648136274997989
-0.00080456491615195032709
-0.015241399676179696529
0.026381437601024650824
-0.015136435554153273783
-0.0017738103857036088221
0.00046556111741304870852
-0.0011910086576692377729
-0.016179769831459540202
0.03950204124064380512
-0.044730676242849778945
1.2721725907811474165
0.17913170206386766492
-0.028025237005585477978
-0.0032202942930479499031
-0.0042960927233927923355
0.0023808227378940265834
0.0086073630056308619157
0.052118178055980533825
-0.0046584176509229307736
0.034378497448141830117
-0.0041733121844945318332
0.0060333873766524959495
-0.031037705059990781942
-0.008657353240843719544
0.043161924585959549061
0.011880701132824205216
0.015850098792142504334
-0.0085782749382709525682
-0.021945479622649453205
-0.011965557590482414629
-0.00082043915088731377526
0.064219357439703736445
0.06609288474429061977
-0.087017004238755135681
-0.031808782873598347163
-0.072007490916285554761
-0.21581355301345203634
-0.0068133700581483507344
-0.0032260103913139838959
-0.0054100558185479364487
-0.010531811732015051303
-0.011751243108527873946
0.018243526433854285324
0.027097038225182681903
-0.045888925243720894709
0.044301855248257485109
-0.0066163456547683862502
0.0023213429362081297938
0.011284593599297098807
-0.00057525670981939944822
-0.00038663687820944005451
0.0034764807452792576871
0.0092787485070530799358
0.012555280146460278193
-0.019845106397812336402
-0.005998764426301646073
-0.0031752923693210187775
-0.0056814783218683273525
0.014762133985899627761
-0.0074197860917028339578
0.018262744949272491368
-0.0080356645789093107679
0.0019352597023861298816
0.0011010440151296479929
0.00017866678539790969938
-0.00017906081094140109027
-0.00035826720369563143809
0.035798458732584269304
-0.049246535423626815187
-0.006296173909201488797
-0.061450767569059733253
-0.0046886837483498932516
0.003975333183402832149
0.033169105316094057989
-0.023257359781850995423
0.031140098035664677545
0.00022855168654090389415
-0.00031904107655052069354
-0.00031908515359795123741
0.002851532956894526228
0.0019471225274097121727
-0.0012141857463147044845
0.056181818658381385556
-0.015286757104489375261
0.014570392280229025467
5.9494057141151078914e-06
-9.5732705936206827094e-06
-1.5970585578068481787e-05
2.8396183928285867958e-05
-0.0020264984573494940548
0.00038934410394270889616
0.021407513148931522906
-0.023361166403635138383
0.0058304776232257597701
0.027315981006988832719
-0.0517061592373645601
-0.042509511159115657974
0.034976347682738426204
0.00076611117512821041986
0.017820989701202914063
-0.071067286709045038307
-0.0049524142569837836803
0.043353294554930046911
0.035642035745549825732
-0.0031766086695438795762
0.064184001186703948383
-0.049069432140429927736
-0.0090795066109717464942
-0.029608306145212686528
0.0048566027533508988184
-0.02923871067975572155
-0.012884099793265477163
0.0052003045535963304466
-0.014788908362245766284
-0.021806492668220787967
-0.0062467898312843841979
-0.0088711621529940914987
0.040162786972651499939
-0.045171127851842310386
-0.025316067613129326214
-0.016880917618306186256
5.3881201980225555605e-05
-3.5281849383801543879e-05
-0.00089957015871254270966
0.0062619539878285990914
0.042317615795812779655
-0.062744773889323410265
0.14244675200928602621
0.020231328470292339605
-0.32394362647899066499
0.27798500334888759378
0.1983068047346423779
-0.079691633338037567991
0.0019815036977833214854
-0.0011256234077229199542
0.00059312982277916019829
0.0021489767219899538579
-0.0059646474764047741415
-0.01147656626841873917
0.0047914531480099942229
-0.0048111972290801894095
0.0021497930913199031315
0.019086393553089015668
-0.002418112762812178046
0.016507387753045610346
-0.0015004048340605225745
4.8131896528204014675e-05
-0.0017408297649408701387
-0.024377614859682882748
0.054479861404669094327
0.032981548970436168344
0.00047575987127517090341
-0.00065251499705834201115
0.00013345158141656431462
0.010643500342560537411
-0.0017927667255636190596
0.018596178833894996124
0.011603643531630380634
-0.0043312939385196438935
0.0061831849316843334047
0.090715112215796533945
-0.060724432107876646914
-0.00099264956439474639517
-0.53207351920539158741
0.18287736186934844262
0.10353816461685583228
0.11165152778993003846
-1.0175592196374554366
-0.27264959045785819303
0.0080110441836050132886
0.031013248437966194765
-0.007901186832923082215
-0.0014202527359339091849
-0.0020044683972082529694
0.00017249148830618109295
-0.0013207539863586495194
-0.00081370917208090965973
-0.0062432654912706339947
-0.0012692152219519010556
0.00086078017103693332292
7.2129869244795893511e-05
-0.010384069236020617225
-0.0031152918808748449216
-0.00042794863473252743244
0.0013176686120143009211
-0.0018191270398581662737
0.00052263732765044459451
-0.00089259368942434130258
-0.00095271552281244494941
0.0018260989888339343966
0.27150805260962690424
0.11687284384271331983
-0.20472814928699298309
0.066995545318415325453
-0.041097520140033712288
-0.048355350941678275356
0.0017923039749593030426
-0.031957241253248107327
0.0083594360547020844787
0.53293532296948109561
-0.18475489759734081696
-0.10305293180877517223
-0.019127828952029458237
-0.025877283203889551999
-0.03921297641173508014
0.02475688546347971572
-0.0010205317745197407461
0.029078911294658997544
-0.024449645038808288933
0.018581327301070243302
0.0054536027047793634442
0.029905826700170057286
-0.050465551192267955882
0.03868299916455952836
0.026694171988911157001
0.0088347837005932749327
0.021224961013959885853
0.00019852202019053020446
0.00050858382269149604235
0.00091310362881579214961
-0.010883944781904452206
0.0087379890934017843962
0.013791902455950279249
-0.019680398756869128124
-0.022716457680953806159
0.010572108331004317905
0.028468028848778744594
0.0079720727927241885613
-0.0057759620929581870913
-0.11338688625709057722
-0.088242039000473240784
0.35534284720795450419
0.041077726500118760811
0.022416182971151454167
-0.043655198764373452647
0.23282279693269194998
-0.053693721030237610836
-0.053522152426797808822
0.0091625153609169000812
-0.017142289317019627354
-0.00093127572149884424793
-0.01572588233410352615
0.025202977457501250097
0.01248408186904541306
-0.0012745549508756872249
0.0012633813276833559796
0.004716106274898677897
0.00016751323723154784898
0.084452502490410627511
-0.0043002426587885863099
0.0087955721150316384938
0.003105907375233950881
5.3905189405888766013e-05
-0.0019503695076040447089
0.045344534501174156571
-0.049485920353274058525
-0.009169580304118182118
-0.013779219656042521192
-0.23981571890330874441
0.029560616339804609426
0.029544356073163340753
0.06870403482710396581
0.0011680974940490986089
-0.0027781601524834360385
-0.0030839370168227039568
0.012328640939924768311
0.0022343612163959057811
-0.0072088194817908710782
-0.024984300006104850217
0.042958828847076135915
0.0096777732027995243269
-0.0037634500306814640952
0.055067134834598414905
-0.056895288701646611063
-0.12767814237157018575
0.097977726278282592509
0.080732420858436654276
0.010617122928676628324
-0.21107981387823418484
0.15494036906917557639
0.017949262965536196685
0.020456948198121566868
0.22757133104196458628
-0.27343439950980058528
-0.23206490405292140577
0.08381572846395558829
-0.029433904195202826443
-0.019393279089394296899
-0.034955072755910601701
0.00030903938071408801553
0.0018698252893851474449
0.00091415101027077499008
0.0015181481309580659861
0.00056246053745947458165
-0.0013704764997612369805
-0.026025969977040989273
0.044238806795452341458
0.035484778058482803476
0.081090397350364357143
0.15585225709274450057
-0.092084454522600167614
-0.00012866103133444740003
0.0017160570391660089767
0.00032600943856193230963
-0.005215069393146649912
0.017863799379957457508
-0.0089839309405518093937
0.00014592418100760535561
0.00015264244816807896223
-4.0530562831792544902e-05
-0.05351558873666321936
0.0040879025608109263723
-0.022943733959906509323
0.019801898126295187919
-0.0074056689045890172068
-0.022556716070494895604
0.014226363428817719731
-0.017650221949751979111
-0.0044775986891977103549
0.039373986617133968635
0.012174568628520933411
0.015622717877677265441
-0.023697221901545231781
0.0085085982776612612
0.021265719184416116694
0.016005452716166514854
-0.0023256318969995435318
0.004965849939454851196
-0.039364113959817523258
0.033403204977868083958
0.017356885730700592763
0.0014739861981361002379
-0.00032964674716064000645
0.0024410522350867907247
0.013961329358272283122
-0.0058590697674331558217
0.0063336147006449001681
-0.023185536942190533571
0.031491860479789378358
0.0037007499071106757758
-0.028407235930379595712
0.027904466208457191778
0.053057810556864357099
-0.0070353464848327933179
0.064045723992336114905
-0.0083447842804653619281
0.0009197420882677419425
0.0050932350319985875836
0.0053636125891772358856
0.018161157726480216951
-0.034421962856984317236
-0.031738163861187336512
-0.0084382195210848873201
-0.0059996107075559008612
0.0036448174635527619963
0.018923480239797167701
0.023438729959548799953
-0.039339770118934622167
-0.10755861715584820459
1.0112171623959520517
0.28206798025193730028
0.040165419527870525884
-0.036331162930083822638
0.039145833868590530769
-0.057940872506705494438
-0.022307407021957867399
-0.051862314044898390197
0.00011739932407253870724
-1.3728422091421488163e-05
9.8325981212261294603e-05
0.066369922522709901003
-0.011146895018234176736
-0.015498819687182575217
0.016007362701608265215
0.035494867746240922612
-0.018698696808622915916
0.028718442494834579837
-0.047160074084520053894
-0.0096228143929713121085
-0.0010586764300418033142
0.01364553983982939693
0.0012970528898637986772
-0.00055930313789077890866
0.0005927755439721683374
-0.0020065997800483375245
0.0010772855097748090455
0.062984544146458487646
-0.01630156551750799529
-0.090241942365423155614
0.024864412180205033853
-0.096500746039310830726
-0.0056445888823890288943
-0.0059451756689248231105
-0.011579932239896569002
0.00022672383277143502646
0.0001170764557694952394
0.0010546874262041213734
-0.0021746639807335506507
0.007237836497226676595
-0.00263972779855800848
-0.21057094495875505746
-0.12827267584266657807
0.2314399087545589706
0.069585686578907637867
-0.026137085013632183061
0.028572965541543017542
