0.093140920640826962984
0.049515848675822690672
-0.00817017087817858631
-0.071086221817568059911
-0.0059357140909682771027
-0.057671269260601364104
-4.1974321575412350672e-05
-0.00014155390270032078845
-0.00030763536361059470913
0.009383581890122939112
0.003990123362316526541
-0.03454856620593289851
-0.00045113583009795198793
0.00078754085243910594127
-0.001258475004080716669
1.0898119161625341444
0.90779414924012180599
-0.32030774838813347305
-1.0986240389679251539
-0.86114785550978800721
0.29617089123223638847
-0.004080731605470960463
0.0028362527811441485409
0.0013120254889575938984
0.61129627010184062197
-0.027143860580197520793
0.69451907829629555557
-0.036646807536026067276
-0.0015482696550222555237
-0.0062757003361619623574
-0.00014726097629874740857
-0.009722105349982232414
-0.0073098982016330674508
0.0043489136404495564933
-0.022069267925232446265
0.13540937792481078095
0.00081790996544756381856
0.00020069490107932640198
0.005341814696892698347
0.00038493978538578293384
-0.00012359755427953094016
-0.00056945842593085916738
-0.0004308540408719584245
-0.00045002059358952901545
-0.00040326398826669379929
-0.00012170284424509807369
-0.00017741933551505088547
0.00013350925640172236217
5.273066953617105095e-05
-0.0021065164404045402108
-0.00092477818577374666133
-7.3861240601097208455e-05
-4.3247403862814082676e-05
-0.00021874867782944155568
-0.011950773730900038014
-0.0013562778096448014232
-0.014927050952020718202
-0.019887860250948560803
-0.029568612769065773932
0.019532029069198382498
0.031636893803915322465
0.0075974459357915627086
-0.033487126897349069055
-0.054525835083953790028
0.0069108714177394696063
0.000878391930293126455
-0.01361346663377248703
0.012231719071010206668
-0.022618515753656538714
-0.031792102611338669826
0.023551025253355371142
-0.00012718633752971020734
-0.056005527596276513669
0.057486724261926802626
0.066365320865296381636
0.00059447398228069513616
-0.00056502064924046093396
-0.0013061896926160508018
0.0029347112875371815684
0.0082405544369951264777
-0.0015920573463314583243
0.00028561221876607472943
-0.0046132860686783280779
-0.0019840193811402687118
-0.024415588659945548083
-0.018005206078939805375
-0.0059227665060764926597
0.015457608577714844131
0.022833573751418763387
-0.0041569985239942501901
-0.0042572845398247700227
-0.015505781973313837244
0.0077605506830228402834
-0.0004385545318687002485
-0.0066359972228341055842
0.0038231984757414829747
0.028517704651932346271
-0.012962987408852762877
0.0065897385115425899035
0.00095894017414944977482
0.00068403045090749251857
0.0024362876885184164139
-0.034820217600462506635
-0.01554340854821606964
-0.014517025050525180635
0.00054351958515135110478
-0.0021130726795452622023
-0.0036663451327038198285
-0.00078044707761905514863
-0.00072350738539958179239
0.0003455319702870588653
0.04486937808368048064
0.015212567433583849136
-0.045453136701546319187
-0.0041485674330089686648
-0.0096350007663871667374
0.011443688490167004679
-0.0011866204615161447377
0.028226066767127175328
0.048060299279259359462
-0.003839391650153106423
0.00024686073208630103645
0.00033636967368704776167
0.011412758109800358319
0.0045167514077348661083
0.081082446699782859123
-0.0011898441273358532477
-0.0024091930962811779204
-0.00023663256328210286665
-0.056363017477205061556
-0.0275694839936734791
0.0046192235367268682372
-0.036344286637147574237
0.0055721701664676265633
-0.0052599607523392977876
-0.013377546327335797932
-0.001917827433643137661
-0.00013854575785689321704
-0.060276761859769108221
-0.027369831255173841106
-0.018476830332079592634
-0.0074999411580501029392
-0.0099458278435770805515
0.0088026843581025925739
-0.00070290614158894000347
-0.0039829884895296310474
0.0013613806985279669481
0.030697313889266369252
0.0074615296148678881064
-0.071880779218189388979
-0.0053215188513309847826
-0.0081048887858680886825
0.0039509760049867958392
-0.00010631349397506336502
-0.0089679202554501027955
-0.0020589866161999626458
-0.0011857606390079241613
-0.0037697252122318529975
-0.005294274174985386279
0.0041233161871707512541
-0.0026257444179213283546
-0.0026837334152455161358
-0.018013957565266445343
-0.020318593369532182008
0.014924210128034224102
-0.054336655296985295061
0.014856880811504522694
-0.041743802161582431454
-0.071910285602877932476
-0.0076549916103847426285
-0.020529258457006736155
-0.043414161335135592612
0.018064344506206832935
-0.017188497536504289409
0.055190067933776863762
-0.0069474884545420159329
0.04566734434417207833
0.0015308503849155855655
-0.0030520057890178133204
0.0086958599738215028307
6.3276606011789573438e-05
-0.0021962019309146180168
0.0013594326589230129858
0.014926719232748117405
-0.027506103720767494797
0.0075606500394781103735
-0.022084743814717523042
-0.01819043550033902501
0.018089197724203330553
0.0045582942381669011925
-0.077959364132532585345
0.080084953117735543926
-0.075285031348595238265
-0.010645662706390019575
-0.017786311395840376931
0.020581384438605160314
0.0066823920068250931142
-0.022907104044278845528
-1.0511309867153088455e-05
2.2630356281776791371e-05
-3.9463333345888765996e-06
-0.028291032935609042309
-0.012243089950595257426
0.020397302300338780723
-0.00087490623804171421731
0.00018543587933062430861
-0.00038590726613468379286
0.032071988425309276571
0.09349060328506503259
-0.02688680223841361655
-0.058566290245303777307
-0.010678934836786826632
-0.040511031516725963531
0.019641071619575452972
0.0067264304803800745169
-0.0094356868554598214566
-0.010463709688840760331
-0.053082608149847165802
0.0051950375119527948328
0.012126118561397116261
0.0079940286208416179436
0.0087898824666042454229
-0.0097091767596862842832
0.006984215291063589244
-0.020789199840697564908
-0.0021373807021688811213
-0.0011037758411043116155
-0.0013212716679456728945
-1.2045680315748725775
-0.17432061315251631828
0.22575990272830726013
-0.0068471850592243714909
-0.00074561534361224860844
-0.00088076287130785875686
-0.064843460765345681263
-0.065095608851535480266
0.086259600539757508297
-0.00034527902232423044859
0.0129391463068896026
0.0060854651868426073297
0.012905394401859067444
0.0067135580771703635278
0.021630846512520725961
0.000773945239724437733
-0.0019278164775945174844
-0.0082600597178565417222
-0.0061057431481765667841
0.019311397242603525054
0.014306710804490033878
0.027135204932976757924
0.0012070360566937869077
0.00061197760929831144291
-0.00057736436399882296901
0.0028206749803952840643
-0.0019801358949604473854
0.0017291531473119239274
-0.0012132678173495973703
0.0032883314175633951253
-0.020420803850447845351
-0.0017994021779986718677
0.0067942034201078334646
-0.069872619619816722647
0.014915324843854663867
-0.060795650197246850488
0.0070435683803682612447
0.0067521787458517659383
0.0017505916320900826583
-0.0047665279306582219315
0.0088427882862741596232
-2.9454457285310017199e-05
0.0011776256724510502077
0.0029540709482044329864
-0.0029411930583095147011
-0.012638243537990645482
0.0014698669953069163231
-0.010726341203864460383
-0.016860970837244856207
0.052421029368497573664
0.028370505894612488978
-0.56101838715586538342
-0.04381809922140245811
-0.76402528114261214487
-0.053113134453872189178
0.00951722148525008943
-0.014915673560393643768
-0.043186848720921794387
0.03124513100217267067
0.013989680984553599236
-0.013027662412022139246
0.020998279883751018449
-0.036801547055644374951
-0.0020732341614279970257
0.0035978780700533521085
-0.00056417107953411456747
-0.0041700156672496461671
-0.053918799278113473117
0.037211693518941317549
0.0012185693946704218536
-0.0022018038830120120405
0.0008453286219171990629
0.066936615023460946383
-0.034427787402822540574
-0.012618971838140476821
-0.052493115351427512005
0.019222570700768260715
0.021351031914225174213
0.029613286537462736592
-0.021601998083561110148
-0.016890268171399457076
4.5894951294556208328e-05
0.00025129284629350420732
0.00040874166719295096113
0.045903891116192134525
0.057063397395867056228
-0.006448109823858098541
-0.006519485661547071674
-0.013550382684444223225
0.02803612170076547061
0.0051645231615309603393
0.0022224032141780138312
-0.00080464220382436770114
-0.015241469208107139705
0.026381395860465801234
-0.015136429766225896823
-0.0017735710410451651416
0.00046560706505401104963
-0.0011909967509502639334
-0.016179704902345153072
0.039501810360239107689
-0.044730674705432238447
1.27207525614624406
0.17911656421289975927
-0.028020427200433045689
-0.0032202370006108420319
-0.0042962236209312778049
0.0023807365046211543744
0.0086051603940037763724
0.052103858398287551668
-0.004657196112576826065
0.034383409594274993992
-0.0041739994290594141513
0.0060340569869910013964
-0.031040556478876688701
-0.0086476712789151210375
0.043157818684858365033
0.011880670313956511255
0.015849941899560460179
-0.0085781273559693595188
-0.021945259556904069681
-0.011965476674697194878
-0.00082048386011863961263
0.064208652408070929218
0.066081729910277151041
-0.087002645656799271201
-0.031805120917641239997
-0.072003436354192318358
-0.21579320575225460765
-0.0068132591794849445971
-0.003225947000647153614
-0.0054100949917108001261
-0.010531578486938151032
-0.011751105194641604454
0.018243285389220976339
0.027097771506539872211
-0.045891840917212559092
0.044301962968708481772
-0.0066162369908401089114
0.0023212561740759266905
0.011284415156247635387
-0.00057516077399250194191
-0.00038653999899469917252
0.0034764255626555055217
0.0092801443466913428881
0.012560018653383389978
-0.019848895193396151604
-0.0059988512353000376237
-0.0031752537734167987638
-0.0056812820049941328837
0.014761959735703104185
-0.0074198341466796321336
0.018262991290070470368
-0.00803715332149020599
0.0019307163802283319656
0.0011051185105364798311
0.00017854178222613680698
-0.00017876172228554915188
-0.0003581426859515342764
0.035798400910031141775
-0.049247006670887868984
-0.0062967789123531204068
-0.06145089391008685259
-0.0046886870866649863615
0.0039754211879027782223
0.033169122257925183483
-0.023257216011433438224
0.031141005902527555543
0.00022832973489390583619
-0.00031890675824502301558
-0.00031900778423276927691
0.0028512871518651958583
0.0019471768645415569489
-0.0012141344050492872565
0.056181672531732840259
-0.01528654131729612238
0.014570384871661000784
5.8315705811738061874e-06
-9.3334690133040431286e-06
-1.5783775164445583043e-05
2.8358061981638746336e-05
-0.0020263914645549255603
0.00038930530087569821703
0.02141053717476531712
-0.023360877606386828281
0.0058310704028060175372
0.027315901390615033445
-0.051705833089244750134
-0.042509355397415377054
0.034976533267186665777
0.00076603750438244261594
0.017821855549281419989
-0.071069125840301769492
-0.0049566154852451410964
0.043353338253174965311
0.03564546609124392279
-0.0031769923892388312811
0.064184464298394430792
-0.049072690262154890217
-0.0090798218918483053486
-0.029609097214288958994
0.0048567055078446025318
-0.029237875698488277609
-0.012884393287584288909
0.0052009308780950648521
-0.014788266936966245474
-0.021806743837195052826
-0.0062467244738625493997
-0.0088710445145416469415
0.040162072707099039093
-0.045171204642264685403
-0.025315887797582061619
-0.016880845874993118116
5.3800782345935600163e-05
-3.5303113333855704861e-05
-0.00089932789111618052433
0.0062626020680504792398
0.042318972676656629872
-0.062746583862523921948
0.14242583586196239098
0.020233384317491616422
-0.32391179424757887695
0.27796433367803363712
0.19828811292223275098
-0.079682716442238649135
0.0019814408102078770284
-0.0011254904975425156916
0.00059297018986964491853
0.0021479435529975234552
-0.0059665737074353283886
-0.011482029143316535222
0.0047913492792529847539
-0.0048110699133170247224
0.002149621838487921887
0.019091355193843442123
-0.0024165987141960367825
0.016511822100723792806
-0.0015004565139802160823
4.8243651781107417054e-05
-0.0017410012576561258689
-0.024379699340929733564
0.054484935921635245515
0.032988085778962839001
0.00047552189792058257656
-0.00065237137855940117125
0.0001334029087700388974
0.010643449094657198017
-0.0017927219754717035709
0.018596156720419400321
0.011603394803733220117
-0.0043311468114211456801
0.0061830737565172844486
0.09071591998046790728
-0.060725109752032969956
-0.00099323721522022716951
-0.53202678170818495929
0.18286142054547788183
0.10352892412575254166
0.11164190159121879786
-1.0174720447379390631
-0.27262606400510525084
0.0080104649919410658709
0.03101353905478791001
-0.0079006585320841715009
-0.0014203365933477369535
-0.0020043652614881173231
0.00017248634355623390538
-0.0013209118130241758945
-0.00081363850216839496594
-0.0062432652886080155369
-0.0012692679162400995543
0.00086093321386328269286
7.20537946953192038e-05
-0.010384085708305283713
-0.0031153552809881700052
-0.00042806739070227426422
0.0013175261274525141078
-0.0018189074730270784769
0.0005226579898591528087
-0.00089254551918894120197
-0.00095257188131088975629
0.0018260825555231514905
0.27147995082673054279
0.11685633912038870252
-0.20470317101566382068
0.066994392579795947196
-0.041093149854331802173
-0.048343200534643721022
0.0017919619653445537609
-0.031952160696725621924
0.0083461152516625218556
0.53288849074016264584
-0.18473864351936541972
-0.10304394241814031352
-0.019125208025650416999
-0.025887433105925328897
-0.039206243292753371887
0.024755950962238391921
-0.0010205505117057624576
0.029078147294356569003
-0.024446560512184394715
0.018583818187956333001
0.0054517722589046951204
0.029906665638555145204
-0.050466993352483127677
0.03868369266756905428
0.026694016493520964645
0.0088347591380877974615
0.021224866346748631762
0.00019836142221608621069
0.00050865958049506245636
0.00091306720381736016998
-0.010883824940773818499
0.0087378853271735355823
0.01379167285833499644
-0.019680421715406407751
-0.022716447580211070884
0.010572443053601299559
0.028467972311305544952
0.0079719913020339094878
-0.0057759205448964373586
-0.11336982122110904336
-0.088235643407054489828
0.35530606342986587043
0.041077856344306808156
0.022416415195488717527
-0.043655344720605636366
0.23279898104992161056
-0.053687466189330110278
-0.053521632008357238053
0.0091624357960462306932
-0.01714220107797266579
-0.00093120135449329896355
-0.01572564846219345891
0.025202602525049432047
0.012483752929712318286
-0.0012745947250902009765
0.0012632059889225912691
0.0047162216020352146911
0.000170482359519437426
0.084456023100471844245
-0.0042983411740492713168
0.008795352895159596826
0.00310585729953055667
5.4077989890520001138e-05
-0.0019506455680619110785
0.045344814729152180255
-0.049485916277256958296
-0.0091683550431759398142
-0.013778704731145787268
-0.23979513697735826971
0.029561412392219637429
0.029545972161925750793
0.068705372413282381205
0.0011680038532055196134
-0.0027782771927561066526
-0.0030837328575460112509
0.012328268323597308537
0.0022342526976015524183
-0.0072087452353760865867
-0.024984637750390358002
0.042959321722457886883
0.0096778495933159333631
-0.0037632686543572161503
0.055067207517775391967
-0.056895084803812910612
-0.12766394300630184988
0.097965144166060169617
0.080722203979092299608
0.01062258436451219909
-0.21106013649308139057
0.15492299135533121879
0.017947705400530953451
0.020456499610899323699
0.22755112897319065834
-0.27341376316927101797
-0.23204648745947836774
0.083807191927593727154
-0.029431272975212849352
-0.019403442908182567256
-0.034951479718600887703
0.00030883683917976993997
0.0018696254259917375207
0.0009141296700121205078
0.0015179146928903986848
0.00056227426218578640486
-0.0013704445587801297648
-0.026024301406150234656
0.044242339495819411888
0.035486911857047581664
0.081080359005468477518
0.15583028272567275851
-0.092079947007662907299
-0.00012868895033318745427
0.0017159062119170894606
0.00032606092634964481099
-0.0052151584760079389147
0.017863755768881533353
-0.0089838188654924617388
0.00014578467285965860051
0.00015234444405691507604
-4.0604657258251953297e-05
-0.053515582700170323538
0.0040879862144596445378
-0.02294368748336409608
0.019801649662168581412
-0.0074055864145422620887
-0.022556423699488965806
0.014226377571563180585
-0.017650219542272426593
-0.0044774913050498656858
0.039373774218354487542
0.012174556014067333676
0.015622573501908898833
-0.023697222693537335625
0.0085095526598452635864
0.021266540322104170169
0.016005242005144915129
-0.0023256370912278917507
0.0049657112387763158168
-0.039364537354275065673
0.033403388510272538636
0.017356933767344987635
0.0014739190177092227271
-0.00032986976468150089542
0.0024409476990339988231
0.013960959641870966316
-0.0058591948072737520467
0.0063333132928666737577
-0.023189890802268502829
0.031492695792552954925
0.0037046609197014207342
-0.028407216796426465466
0.027904677575020825353
0.053057389239663299563
-0.00703552649053485607
0.064046162745242926628
-0.008344863986981325768
0.00091983413346093925635
0.0050932038859068965928
0.0053635847554462361825
0.018162019205488363904
-0.034422377785479865708
-0.031737532879655784568
-0.008438344294959564118
-0.0059996734146185882325
0.0036447279309957288096
0.018923365550845068495
0.023438537966412726493
-0.039339655252967994925
-0.10754948108845552301
1.0111303017535770987
0.28204393372304503718
0.040166180813921377457
-0.036332345100672361338
0.039146483197972210821
-0.057931279108021808966
-0.022301234831586486812
-0.051852600061567645506
0.00011727648818521871073
-1.3787529218076359624e-05
9.8044959564085591057e-05
0.066371366589395575097
-0.011145153800658742088
-0.015501047109539962607
0.016007220617677356267
0.035494778971330749606
-0.018698466672816774908
0.028718744341819861521
-0.04716057175992469791
-0.0096229160785115935156
-0.0010587418524085890053
0.013645392812630774415
0.0012970124619970334594
-0.00055932851158235568322
0.00059254768980517371919
-0.0020066682611727757607
0.001076672467264388729
0.062986013960499465103
-0.016302675779937204209
-0.090234280708985314945
0.024865503589287039909
-0.0964919709590057878
-0.0056444614184356905334
-0.005945143997843307937
-0.011579899257826231987
0.00022667271602722516982
0.00011702355328209168561
0.0010544965634580506526
-0.0021747875691139218618
0.0072376423951395910464
-0.0026397955240387068615
-0.21054285360830166107
-0.12825651427731449283
0.23141442784035270996
0.069587857579082174064
-0.026138453235828050525
0.028575043871974670912
