0.093141775458976672208
0.049515984008903668467
-0.0081705583383221477151
-0.071085833217318969424
-0.005935977714103033917
-0.05767007333478885861
-4.1915802317459866118e-05
-0.000141627442721483271
-0.00030784082489526139832
0.009383567512634543098
0.0039903197579975310458
-0.034548836201101384979
-0.00045120832968036886802
0.000787622006213050882
-0.0012586347878038180691
1.0898794379758141027
0.90784781614163867491
-0.32032643719175446506
-1.0986917149210524425
-0.86120130570771724621
0.29618916590264404709
-0.0040808639982684745059
0.0028363064028131849612
0.0013118938275803522942
0.61132924164536583955
-0.027143225748079521931
0.6945571671158291549
-0.03664660549957172303
-0.0015483116509942970122
-0.0062757262079156800327
-0.00014720502628680844797
-0.0097219949301776565492
-0.0073100261504052896355
0.0043467525619679424007
-0.022069312041726688728
0.1354190924415488162
0.00081788551817701688612
0.00020071298286629415627
0.0053416996628902688182
0.00038495125617718322069
-0.00012361136309031847853
-0.00056966459648945440026
-0.00043109662231918810527
-0.0004501278710648187807
-0.00040331306454558418827
-0.00012183570268278102273
-0.00017767759275020991814
0.00013351292828224823423
5.2682704484977415228e-05
-0.0021066077456435299171
-0.00092493355570816943815
-7.4040548138706369823e-05
-4.3537380333241876838e-05
-0.00021884182316672022659
-0.011950931861416354621
-0.0013562133060670052837
-0.014927151088156410605
-0.019887770883918350767
-0.029568531760765289634
0.019531594582122380893
0.031634784577205102285
0.0075990776735402627146
-0.033489027184437490658
-0.054523103101901330969
0.0069102542575004543418
0.00087870417222236604261
-0.013616720931172283937
0.012232406896372722063
-0.022616276974760103624
-0.031791902526254078865
0.023550788115773539644
-0.00012710519139199082149
-0.056008881054943608635
0.057496135519963791072
0.066362426354283327035
0.00059446729807105243119
-0.0005652135580260751746
-0.001306367646541018758
0.002934747390246400002
0.0082404048914633837991
-0.0015920658508811094244
0.00028562613372362384134
-0.0046133336915412138934
-0.0019840377564164686508
-0.024415399961643418497
-0.018004972590986906278
-0.0059237168790834005688
0.015457995069283077955
0.022833916464301363958
-0.0041570341734718753088
-0.0042573413293063612495
-0.015505700276118581857
0.0077603707631567920427
-0.00043851792941883386287
-0.0066360044361779921968
0.0038232043613401689094
0.028516173692521365468
-0.012963172084008595455
0.0065895639099914386436
0.00095899996784137235117
0.00068391266445238878789
0.0024365198273057554236
-0.034820315519455309616
-0.015543554514635793407
-0.014517038328403192998
0.00054350669538663187296
-0.0021131397306746522828
-0.0036663013771594675679
-0.00078043570801501532721
-0.00072366244470278362835
0.0003457809719617804963
0.044869517132957614791
0.015212255765080472114
-0.045453308117828321311
-0.0041486535853081799377
-0.0096349374468145884687
0.011443772196323757223
-0.0011867387593848335598
0.028226015224384923968
0.04806001573665145965
-0.0038396372826454126283
0.00024675256586141684463
0.00033641979953639885833
0.011412628676953339921
0.0045166595569945643118
0.081083143321570835815
-0.0011900194159277061815
-0.0024093006687280421954
-0.00023658337357597392873
-0.05636329771850059206
-0.027569367911174494368
0.0046194696804878736945
-0.036340592806354987676
0.0055715340407598247172
-0.0052592845689152156394
-0.013374774745341081253
-0.0019178649980848816968
-0.00013786158638860588526
-0.060284966533058585714
-0.027371979345999560007
-0.018481261044576775127
-0.0075000334512158690556
-0.0099459611481969023572
0.0088027688188055917828
-0.00070297095646572240607
-0.0039831320004900059445
0.001361493264545555245
0.030697671744278971079
0.0074649455229329024497
-0.071882566577267090202
-0.0053215675050535884982
-0.008105089298123816649
0.0039509899641034882528
-0.00010642381702409783894
-0.0089681586233903171773
-0.0020589892629348464231
-0.0011859305047421495223
-0.0037698581394368228283
-0.0052943567910339094443
0.0041234189620751168434
-0.0026260373870519858504
-0.0026838089329125087296
-0.018014097467066874508
-0.020318706127520173854
0.014924424256497056604
-0.054336282766800053645
0.014856739757823256287
-0.041743399185536149421
-0.071910408256578850494
-0.0076555150407752918865
-0.020529189697966770956
-0.043414396506365839079
0.018064445723574497349
-0.017188602075360624732
0.055198095377893038882
-0.0069455886599163827594
0.045671890850429698594
0.0015307982005676370324
-0.0030521829531079897393
0.008696120920601773524
6.3352514687556204967e-05
-0.0021962489443822482207
0.0013595352555304603299
0.014927035146142556346
-0.02750614901144411012
0.0075607931287891517666
-0.022083259994601599913
-0.01818933243192303803
0.018088320497690289768
0.0045578031238245131709
-0.077959520295429032832
0.080085285004749109938
-0.075283766250017009058
-0.01064562147639422883
-0.017786186381939683709
0.020581134530684226658
0.0066823197305000067714
-0.022907007183699205216
-1.0551879608808583866e-05
2.2926440185513196056e-05
-4.1172206933763237587e-06
-0.028290831720564312002
-0.012242939182179550517
0.020397121919261587686
-0.00087488713932848643888
0.00018559063613510009823
-0.00038598464937730287598
0.032072154570048798383
0.093490712953261070894
-0.026886735214592821092
-0.058565377657205208717
-0.01067627474229110307
-0.040508889291234022323
0.019641090321096871252
0.0067266507151048961222
-0.0094358243042841488668
-0.010465672593801191026
-0.053092753615478653628
0.0051960243813183671149
0.012126109308298538975
0.0079941483291223244118
0.0087899025932384432236
-0.0097093331617640627612
0.0069843125262684319435
-0.020789351899777964994
-0.0021375815908054266595
-0.0011036205862234567485
-0.0013213304157568351097
-1.2046336500786773982
-0.17432715704776396981
0.22577836625339806065
-0.0068473550302961833786
-0.00074555341825593881688
-0.00088081867396680663465
-0.064850190710122671001
-0.065102182778122394402
0.086268687338556124256
-0.00034531577479666016256
0.012939144002340974282
0.0060854833821492636606
0.012905451784495784381
0.00671362783921837427
0.021630961234553453681
0.00077392603713204318437
-0.0019278719568977305959
-0.0082602356965283986467
-0.0061057508602944841544
0.019311505107623444522
0.014306716808946483288
0.027140025077713462315
0.0012044083845798622245
0.00061177122739934674308
-0.0005774941260241720116
0.0028208196690572930922
-0.0019801092324510500241
0.0017290621911277060697
-0.0012131454630233135927
0.0032883300594987760306
-0.020421152347220531548
-0.0017993005706089305364
0.0067941819580467598116
-0.069870322035555945672
0.014917347624980842324
-0.060793888528287987061
0.0070435561075224166136
0.0067522988938444866019
0.001750339807228433681
-0.0047665933046459581582
0.0088429541964026563833
-2.9657825837034462865e-05
0.0011777251129420089528
0.0029543230195529686377
-0.0029414478179461281751
-0.012638165218954186195
0.001469830556790512879
-0.010726308144239806233
-0.016862533580085398849
0.052418647598109990859
0.028368293469405170271
-0.56105174087639009262
-0.043819030085033780497
-0.76406390852385486223
-0.053112906109929546028
0.0095171001242878253829
-0.014915639670781268705
-0.043186425453781457362
0.031244711640816373588
0.013990093464600663817
-0.013027904457026852
0.020996995286714871531
-0.036798717294345487105
-0.002073378430332457889
0.0035981146675038554877
-0.00056403909751046943724
-0.0041691011829579696646
-0.053916110862303148754
0.037211917856580102593
0.0012184265556373953532
-0.002201670751318316778
0.00084534991911066638664
0.066936940391523341853
-0.034428034874512958297
-0.012619074372644751084
-0.052492838011359531369
0.019222691864508693882
0.021351070201184148972
0.029613495127552600522
-0.021602234226137370654
-0.01689033569109850072
4.5862542749002529281e-05
0.00025149825344657471835
0.00040901441085452880852
0.045903906537321577386
0.057062130178734356278
-0.0064477788215069643807
-0.0065194122643184391347
-0.013549026953180493341
0.028033459979017766317
0.0051644425084668432735
0.0022225622243241972137
-0.00080456528946379942541
-0.015241381372780414202
0.026381246488401365047
-0.015136523809668803175
-0.0017738101188115142429
0.00046556344513836367058
-0.0011910207609301941712
-0.016179880469396428627
0.039502227365850912932
-0.044730866227469578966
1.2721433183666099875
0.17912728778549524833
-0.028024507983080263612
-0.0032202749843448772761
-0.0042960713897748281295
0.002380821546703942946
0.0086066895673097987968
0.052114252955599855988
-0.0046580608303353884456
0.03437920321378511862
-0.004173412260146736226
0.0060335028354594061328
-0.031037732335346002871
-0.0086564180485547252697
0.043161282808625058005
0.011880623143221040808
0.015849976956554854418
-0.0085781364477423172749
-0.021945442466787819236
-0.011965454505849314193
-0.00082039077598885926709
0.064215358636793021252
0.06608882046029708468
-0.087011630367873044056
-0.031808112875412727916
-0.072006850567142025032
-0.21580981302598087335
-0.006813363276999588429
-0.0032260239223675522997
-0.0054100216947951642113
-0.010531731851407802672
-0.011751145158669526469
0.018243389086254852699
0.027097321791542183095
-0.045890334139721461471
0.044301901911712009141
-0.0066163680377854389159
0.0023213480588434613414
0.011284640746431685854
-0.00057528287433603606579
-0.00038662847471206243698
0.0034764902190843860984
0.0092791817800263430571
0.012556744835485474099
-0.019846186042672971095
-0.0059987460411693145981
-0.0031752936694846725998
-0.0056814838368455964843
0.014762241817260220167
-0.0074198233308581428361
0.018262823477293098351
-0.0080360650622145236854
0.0019336151004723319165
0.0011023230639114701881
0.00017866719472627221846
-0.00017906036932005292995
-0.00035826157761547548731
0.035798475407055808939
-0.049246355999097393696
-0.0062960422991790035777
-0.061450859165219695601
-0.0046886859427423882227
0.0039753631442415778702
0.033168976218769949393
-0.023257493520861222819
0.031140367880841287457
0.00022855197301803101663
-0.00031904062358550374463
-0.00031908532632978685393
0.002851532881659268534
0.0019471230803404190358
-0.0012141843883462415457
0.05618156703131346047
-0.015286675979226707969
0.014570340842167460102
5.9486708395393178374e-06
-9.5712867756013452635e-06
-1.5969705410168966663e-05
2.8391892245521644121e-05
-0.0020265057608012662302
0.00038935321070139675701
0.021408262976859302601
-0.023360984930557205513
0.0058300402314560659939
0.027315911728967898209
-0.051706382077252144303
-0.042509058800024188129
0.034976367047750436812
0.00076613828598012692454
0.017820787266957096445
-0.071068488792924516817
-0.0049541464045501654861
0.043352955002807613827
0.035642774005626480516
-0.0031767346583059762055
0.064183877113955414839
-0.049069925706674441535
-0.0090795703312342330993
-0.029608380019221471752
0.0048568087962200506141
-0.02923838792359995109
-0.01288438642987116238
0.0052004442379653100306
-0.014788648900616117865
-0.021806683435555168638
-0.0062467528049146075694
-0.008871076105134352921
0.040162980890947594381
-0.045170959284337230955
-0.025315893946119379793
-0.016880807376727247765
5.3880850205344216338e-05
-3.527973884294706799e-05
-0.00089956660294329303038
0.0062624118810600069157
0.042317692798099174056
-0.062744677639576029726
0.14243853464381367457
0.020230513384045287206
-0.32392841759633128618
0.27797870617456177378
0.19830091951546696682
-0.079688780305218726019
0.0019814954648743098378
-0.0011256124467074913199
0.00059313437652686864729
0.0021483987857516587648
-0.00596575620866902738
-0.01147963218076240681
0.0047914802053548302338
-0.0048112412084050180244
0.0021498049521892661877
0.01908816275665305498
-0.0024176058028626402734
0.016509006884345502758
-0.0015003942016282652457
4.8123806170592413225e-05
-0.0017408384863557627154
-0.024378111854063692215
0.054480942554086884966
0.032982960177139752922
0.00047575641160576073599
-0.00065251034378979483504
0.00013344936713258841155
0.010643549216847911568
-0.0017927482712225782917
0.018596297579902137942
0.011603603752494515144
-0.0043313049902257696674
0.0061830939440012744682
0.090715473546365096857
-0.06072475657175527286
-0.00099289420534837309618
-0.53205360328082096366
0.18287050390676565237
0.1035342877770077108
0.11164761296924302636
-1.0175232129310163298
-0.27263983838929944925
0.0080111278270061526269
0.031013160569235902891
-0.0079013295283867877872
-0.0014202649265131212907
-0.0020044694446693395867
0.00017248687616683977932
-0.0013207484815271678096
-0.00081371078030543066237
-0.0062432339482264434874
-0.001269237649281099254
0.00086080494428302444746
7.2109215667010139882e-05
-0.010384068898406040304
-0.0031153906666578929513
-0.00042803914985883580267
0.0013176667192215532967
-0.0018191321072109525696
0.00052263274215225206769
-0.00089262712316346825171
-0.00095270392133005635769
0.0018261260334921818656
0.27149602344704215628
0.11686600285976359026
-0.20471745776790692406
0.066995503743802115038
-0.041096192816988570684
-0.048351395528947953284
0.0017922069747295995158
-0.031956068955685840161
0.0083564893041269579232
0.5329154243464119256
-0.18474807092547559928
-0.10304904512766945024
-0.019127247074515147524
-0.02587956259963758443
-0.039211435427245977525
0.024757134038562333966
-0.001020551631320526639
0.029079171258056837196
-0.024447965939240794836
0.01858272095655915182
0.0054526123854289707676
0.029906569196070997146
-0.050466876573538814454
0.038683792400202539341
0.02669417813686094168
0.0088346135424833740352
0.021224853073328851794
0.00019853046031722849235
0.00050857831519801784126
0.00091310384168187780189
-0.01088393944984915665
0.0087379681762303294118
0.013791898614118005065
-0.019680478337774941211
-0.02271632575790797498
0.010572278688695570248
0.028467906099392894376
0.0079720160310706219414
-0.0057759158971125218116
-0.11337951078368115054
-0.088238988827968989348
0.35532653966009963842
0.041077636710212250826
0.022416084453186175401
-0.043655035657837154561
0.23281809188923255349
-0.053692590818604862823
-0.053522833633531413655
0.0091625702067184289223
-0.017142285160999311266
-0.00093119773746691211769
-0.015725880578026169704
0.025202985868698749017
0.012484049957774632708
-0.0012745521568217020852
0.0012633657214936163879
0.0047161024424087847479
0.00016860838665196502544
0.084453475543297157335
-0.0042994921818674015912
0.0087955224763722316544
0.0031058985738285273953
5.3910660235233635634e-05
-0.0019506802861932023754
0.045344474477258048251
-0.049485941004142351696
-0.0091695233039994581553
-0.013779176808178266248
-0.2398143602905516425
0.029560626068113399906
0.029544652022142188497
0.068703904005654847786
0.0011680993321759990805
-0.0027781639097880241572
-0.0030839190868162456687
0.012328602943981624776
0.0022343555187869421595
-0.0072087950660733191716
-0.024984625240465799939
0.042959373052196797582
0.0096778297264506693565
-0.0037633013743350990886
0.055067097191503634745
-0.056895104634289143941
-0.12767532468824552283
0.097975295292617697873
0.080730410484504314117
0.010623775537192100063
-0.21106953931811420211
0.15493542896373896367
0.01794915435151261604
0.020456967345085137061
0.22756998308320641744
-0.27342776415424829839
-0.23205908427417917816
0.083813121931446937785
-0.029433245105211364168
-0.019395490432136803377
-0.034954178197772224623
0.00030904357915091201737
0.0018698142608134834652
0.00091413259702032457089
0.0015181323957955401675
0.00056247365486636411846
-0.0013704654651809104662
-0.026025020292536608923
0.044240459318143840473
0.035485854843724712326
0.081084026809061626739
0.15584153316128254718
-0.09208128746600120762
-0.00012866318074456568801
0.001716062929330403183
0.00032600974602496032894
-0.0052150835342932707825
0.017863563845272188019
-0.0089840511849660076305
0.00014592410559552979141
0.0001526418493842503167
-4.0530259538910768887e-05
-0.053515803962773743352
0.0040879747545075799733
-0.022943805937070051171
0.019801738074119067806
-0.0074056665599118564475
-0.022556515930833520578
0.014226535142665253098
-0.017650267931183700326
-0.004477426368623186291
0.039374066768222582002
0.012174590443501588644
0.015622746792797298152
-0.023697176690749374717
0.0085084150024685844399
0.021265434971428048838
0.016005408938749226405
-0.0023256543422416372895
0.0049658278728661074328
-0.03936398681155287016
0.033403081599454688411
0.017356899186192396856
0.0014739728947019761773
-0.00032963747197777920834
0.00244102792843541418
0.013960942915252978064
-0.0058593925892426804158
0.0063331878021573827231
-0.023186610549957888117
0.031492157045903634849
0.0037017733030004136043
-0.028407314457934599444
0.027904385589250353672
0.053057592786335004698
-0.0070352931720625861561
0.064045523166601836529
-0.0083447487329154183822
0.00091965112330997698335
0.0050932795169729592685
0.0053635858904495393312
0.018160815691909054648
-0.034421863361468518772
-0.031738406910681936368
-0.0084381915906827521107
-0.0059995987071672180965
0.0036447975909246815504
0.01892339110076883546
0.023438618196690623463
-0.03933957232154879774
-0.10755475834633346222
1.01118128954311981
0.2820581438852388656
0.040166121973028968972
-0.036331507920037350856
0.039146518183997697227
-0.057938512658009450051
-0.022305896456640012665
-0.051859987083591213564
0.0001174001316203842363
-1.3728851764860396486e-05
9.832645224386038225e-05
0.06637040992133189099
-0.011146224952840099939
-0.015499367217888049622
0.016007426163282118675
0.035494958345792658461
-0.018698632354650183973
0.028718735359389950534
-0.047160574186571851962
-0.0096229151958294751462
-0.0010586734332476374111
0.013645545905407690038
0.0012970074828022729648
-0.00055928271389725102338
0.00059276362155140263459
-0.0020065724851060355062
0.0010765631443316462431
0.062985917945894906445
-0.016302283725895070493
-0.090241638967162848828
0.024864745505225844396
-0.096499789365985938483
-0.0056445189154166585527
-0.005945155913761292904
-0.011579917602276158101
0.00022672716715168786264
0.00011707845673810406324
0.0010546939045175138337
-0.0021746165232579117016
0.0072377053800302066158
-0.0026396673416587941932
-0.21055883489167670497
-0.12826580425272918196
0.2314293434001637173
0.06958627512355941569
-0.026137566108228812295
0.028573728278583059026
