0.093142232811996628072
0.049515319707429089613
-0.008175468028440307372
-0.071092459961922857548
-0.0059351466097778780157
-0.057664449814532406369
-4.3402092200699544575e-05
-0.00013801372829995190317
-0.00029823660178351294988
0.0093903892297636896991
0.003993787926277997391
-0.034542434313878996044
-0.00044531269456431422015
0.00078364579473456257887
-0.0012508630703262229884
1.0897905699758503317
0.90778648644566828363
-0.32029632425622706071
-1.0986012220747896073
-0.86112210466458782854
0.29617066268004094143
-0.004075402594622141994
0.0028350803511713908167
0.0013215021926449971833
0.6112952034913682331
-0.027144603500599492202
0.69451043639658860407
-0.03663840242159584204
-0.0015456967343474012962
-0.0062708835570217790617
-0.00014555869852298650093
-0.0097255512774386664726
-0.0073003945806837710134
0.0043549116872112526855
-0.022060106149655971108
0.135406569322330389
0.0008218949229146926827
0.00020156680941078872009
0.0053547217347215056438
0.00038491527763820696352
-0.00012312612706128988845
-0.0005599681189350345532
-0.00042441889771704759127
-0.00044766337441995565161
-0.00040276561055166014338
-0.00011803627719801439936
-0.00017019234110099480694
0.00013329520955912739239
5.5307945497851057702e-05
-0.0021036876327709141433
-0.00091377732785567235534
-7.0776030763047858597e-05
-3.7608009172214613145e-05
-0.00021627700368160264672
-0.011940686935191088466
-0.0013540900883892773021
-0.014922949866013867845
-0.019882958903839721004
-0.029558854000808147677
0.019532551490840613373
0.031642108787780495738
0.0076062526870675087678
-0.033480396889892530266
-0.054525292641196002053
0.0069214933943623708004
0.00088214059633583109202
-0.013604227509178959399
0.012236575286955533523
-0.022612772710655128228
-0.031785375458988664177
0.023558488675913757948
-0.00012657614179947032076
-0.055994511252000063461
0.057485923881457859363
0.066366127568674604387
0.00059382126506758356986
-0.00055888319656301243057
-0.0012993487123604129281
0.0029358545858801429057
0.0082505137587715014769
-0.001591604115784120508
0.00028538636687832149999
-0.0046048377031078996727
-0.0019828619824196450257
-0.024407618147729671226
-0.018003035330159310179
-0.0059236117478308559017
0.015453846755406680166
0.022835286537994145539
-0.0041500200748046112142
-0.0042486832461708897227
-0.01550861316015582532
0.0077654776339804703483
-0.0004358364906996665478
-0.0066312878973783656589
0.0038270596073172085186
0.02852762377022716872
-0.012959377106799098434
0.0065908495133121698661
0.00095655326073261308633
0.00068750799405088171799
0.0024282249229077334032
-0.034826977603443054488
-0.015540891348058178886
-0.014527195062834862005
0.00054537488155396410434
-0.0021116873019215334599
-0.003674308705823662799
-0.00078025366574075718466
-0.00071957614352100864562
0.00033923245130077248977
0.044870467638634337071
0.015210798183470840284
-0.045462647236549795504
-0.0041456099215874059674
-0.0096332529777596025838
0.011433153258158516852
-0.0011789484259461808623
0.028232436682571009773
0.048056129648464881998
-0.0038311110864651942709
0.00025077563646397338631
0.00033460902237073290519
0.011415043274047305399
0.0045137370489206473517
0.08107200800265217111
-0.0011841129895833401534
-0.0024053419150198728817
-0.00023752128866188221691
-0.056360162888473001874
-0.027569477183197410586
0.0046084308518427154547
-0.036337469144991980941
0.0055731779840054052749
-0.0052614598390874484091
-0.013375481386616492122
-0.0019118697702554131226
-0.00014504163069122368891
-0.060264791394760007515
-0.027363957334487740841
-0.018477455768012306797
-0.0074932736666977924067
-0.0099389555340561441116
0.0087968662041962523285
-0.00069684976089074833917
-0.0039766397521900269732
0.0013617454836769241761
0.030701520007457402256
0.0074686875841746868179
-0.07187843774473035019
-0.0053196904099925739276
-0.008095398894431421466
0.0039503739681574136927
-0.00010189193582149697244
-0.0089588282163396738833
-0.002062058232095573089
-0.0011789015928438482256
-0.0037636297508082164863
-0.0052941683881480615728
0.0041216524699160903694
-0.0026157505854801864874
-0.002682824518844446459
-0.018005890533859390812
-0.020313620543562473791
0.014928391320952662941
-0.05432727288910165625
0.014863533037667393463
-0.04174514507719822437
-0.071905396215848960129
-0.0076557905690717862127
-0.020535907892812246822
-0.043408049269604030707
0.018058504835982595177
-0.017194682061747412066
0.055197529309480873605
-0.0069420514887973518506
0.045666136915432586907
0.0015343555680309007953
-0.0030429622694385649595
0.0086895509145991089994
5.6793485527072509224e-05
-0.0021894332380545098761
0.0013528602211015268442
0.014927511369174166142
-0.027504598086746035596
0.0075483995634259837271
-0.022089081820963380604
-0.018193830071280846922
0.018082605868619639616
0.0045607246510938901154
-0.077958849445891348351
0.08007890350500652954
-0.075274065237055293176
-0.010642496842446230385
-0.017785290236285073578
0.020582055517626537261
0.0066770028082061491648
-0.022898061631084352247
-1.0402594039656305074e-05
1.7484178068647372766e-05
-1.283318777599260448e-06
-0.028285484383659947188
-0.012248485387914115688
0.020405739795859197117
-0.00087586066144331278013
0.00017522566875196996959
-0.00037955192946836853506
0.03208158985713586292
0.093490303278781924923
-0.026882268631404186709
-0.058560826164583315578
-0.010684187695697750647
-0.040505530808797485243
0.01964685986978866733
0.006719880092391033316
-0.0094312996835429641768
-0.010454078000853021108
-0.053087281198088781542
0.0051934031636065693463
0.012132175545653637108
0.0079893738368897078417
0.0087952452141217014187
-0.0097086611181453046776
0.0069779276041922388626
-0.020780633903596735373
-0.0021287733418482459279
-0.0011089243336321723005
-0.0013180392947926629528
-1.204534189595111382
-0.17431747247452342164
0.22575393391304732216
-0.0068374736823391219984
-0.00074804634230566486534
-0.00087834419730632381802
-0.064840363750250262775
-0.065101320045997099206
0.086254555664312643204
-0.00033473755616775311816
0.012934429165469295275
0.0060888483276878126518
0.012902954589755861667
0.0067074662180844199164
0.021635592828090490641
0.00077672565074693954417
-0.0019278593742707095596
-0.0082510189488265075347
-0.0061058381816438125553
0.019308223725698497181
0.014313063660638227284
0.027139436560288724559
0.0012121495122063880197
0.00061857488445513856678
-0.00057034063468110543244
0.0028124377319472867315
-0.0019813292216565876053
0.0017355468718658454991
-0.0012210463949292589374
0.0032903359647865502643
-0.020413005669057560781
-0.001805700159301469078
0.0067971300514870040821
-0.069871638210717526563
0.014906565837458899196
-0.060796604491879367715
0.0070435849695147344229
0.0067462359640788616133
0.001759111950287410445
-0.0047646587070311625239
0.008837427346319138427
-2.1463111729514882579e-05
0.0011762244457392027289
0.0029487922785416849358
-0.0029367026697715132265
-0.012637977642328856662
0.0014739789540701429046
-0.010716774768381577207
-0.016852003337227302454
0.052417950257641891809
0.028377126105596263417
-0.56099744586278477154
-0.043816944667014023906
-0.76401057141989991983
-0.053103953369196897627
0.0095155938561139758597
-0.014909846141489067894
-0.043189210729790705745
0.03124038674945972191
0.013983326701681697904
-0.013025600372217234491
0.020992279094643125775
-0.03681121858273393721
-0.0020688610042804457534
0.0035910581930300891455
-0.00056646728084326918203
-0.0041688800176571368453
-0.053920722862787505425
0.037202799898410875146
0.0012252907217168661474
-0.0022091661908608872453
0.00084217916878127116031
0.066944760162966007733
-0.034431095426309787921
-0.012611322651547096987
-0.052491392104241779704
0.019217261200431004498
0.021345345522087232765
0.029623516585869723305
-0.021597139635096372634
-0.01688860816268215187
4.6944359720835289094e-05
0.00024716427747138020304
0.00040297656385069159993
0.045904901555909025102
0.057057763027759521302
-0.0064560821857751315295
-0.0065168615691806458523
-0.013555742117733481783
0.028029361449359607716
0.0051664595024121431205
0.0022149275222654758732
-0.00080901328477450923198
-0.015240375945626261772
0.026373601158334560729
-0.015146271472568010111
-0.0017648934851778048504
0.00046688416187092306219
-0.0011899543820682006567
-0.016177345838463124544
0.039499175992062873775
-0.044741506205811326646
1.272046904768436848
0.17911173398082730346
-0.028015690492573779719
-0.00321797984222909738
-0.0043033994068635362043
0.002375460007131021279
0.0086143530550968228782
0.052096920637551884237
-0.0046589259018098832382
0.034395488638105924106
-0.004171922541385718157
0.0060328536877297745181
-0.031030473423937412342
-0.0086449858841932628734
0.043157228405091625778
0.011890497315418167151
0.015850223918322439015
-0.0085805458573702964725
-0.021941735985483323823
-0.011969732120565798952
-0.00082851171005617161181
0.064206687176647847526
0.066072033570607424657
-0.087001318068704106001
-0.031803016702698631846
-0.072002942649301390765
-0.21578868964266617603
-0.0068067716749190959602
-0.0032234295181841525826
-0.0054179900377543162987
-0.010521304608182719884
-0.011748834481306869026
0.01823778215250648066
0.027097905643734217229
-0.045898532581115536466
0.04429295450456918054
-0.0066131000864127270286
0.002317532086790789151
0.011277137202467587412
-0.00056758016168579055339
-0.00038201171091393321642
0.0034737856877404471242
0.0092747173306633422241
0.012568046924291229743
-0.019845789720849361937
-0.0060044978138908038437
-0.0031759696402455174676
-0.005670944245960746373
0.014759253224903854176
-0.0074159717138114027157
0.018268620191979494105
-0.0080442924354002919712
0.0019372124547614821659
0.0011093716408048317785
0.00017607588090006535942
-0.00017149915726043544681
-0.00035553941043543654506
0.03578798370861711875
-0.049243944053906224534
-0.0062923404068592741351
-0.061456860272900301623
-0.0046846956951583848539
0.0039818388158959173648
0.033162392781330887748
-0.023253386629857205475
0.031145289357970257216
0.00022249950983799579455
-0.00031535274103729562557
-0.00031718510302148380641
0.0028432920104821302228
0.0019501605434750492966
-0.0012126918715075739059
0.056176094317179223192
-0.015278355312772808061
0.014572433600920604163
4.5678885871330020916e-06
-6.0160976960701571898e-06
-1.2967793166002322295e-05
2.5130851010329817029e-05
-0.0020171750987763763588
0.00038791237119813751699
0.02140327506596347365
-0.023356704876010235539
0.0058389422850722433322
0.027316542611842457855
-0.051697938362254593214
-0.042505159377851584046
0.034966555077723948664
0.00076531328111374458296
0.017824200863348852591
-0.071075742469001335078
-0.0049539303899629365605
0.043353669280183602941
0.035647986115231400372
-0.0031674906695717272923
0.064189295654982186923
-0.049079472796850147354
-0.0090761771718853578861
-0.029601355847776303354
0.0048500450245777667821
-0.029229007304137556711
-0.012881669172157961603
0.005197929588037586944
-0.014784931949991879721
-0.021799025690496562357
-0.0062398596543919099613
-0.008869126858530468685
0.040158716292317410412
-0.045176493920923405101
-0.025306275399129649073
-0.01687827234858237796
5.1607366560283018009e-05
-3.653966845801983655e-05
-0.00089025415098752146755
0.0062680240582263877652
0.042318032249662664024
-0.062742770929216568065
0.14241810613743857705
0.020228912896376158997
-0.32389729773057007733
0.27795659442503811709
0.19828134200427346978
-0.079669905281363348482
0.0019777525892995121218
-0.001120272787173055536
0.00058546887429913212816
0.002151181729659035289
-0.0059606345764104473953
-0.011491810579735696821
0.0047899230574343356834
-0.0048088985634409985373
0.0021400975650104686263
0.019092643408490952289
-0.0024123881419191198043
0.01650201359443410204
-0.0015025280533688359797
5.2768329677030290819e-05
-0.0017499906427025126165
-0.024378339404852320677
0.054488650312191369562
0.032984844614421124365
0.00046836595343009777663
-0.00064882601843137179681
0.00013183221287115266525
0.010636641112799733594
-0.0017845202581552850694
0.018591297677290830742
0.011596170196587872112
-0.0043228681245507981704
0.0061836115893014248143
0.090706536752186706085
-0.060722825738868557721
-0.00099013019615734046072
-0.5320181884496848479
0.18286538021464329717
0.10352178832499704664
0.11163325077058777746
-1.0174501707526382166
-0.27262695971531847317
0.0080034808703347039283
0.031009615214531036087
-0.0079018263473106722244
-0.0014283946734122373624
-0.0019993802643196844498
0.00017277622074959487369
-0.0013277406768535987731
-0.00081120336891692958973
-0.0062484617973856395809
-0.0012718532148611671421
0.00086892807374772747415
6.5686618372363914879e-05
-0.01038768392370520259
-0.0031064698225174132776
-0.00042732244417749887157
0.0013122064048181898265
-0.0018124813327602643399
0.00052259238899245977119
-0.00089227732902604579759
-0.00094276017754661408168
0.0018263595935510336821
0.27146358553546584558
0.11685443060701475315
-0.20469566493107527183
0.066997390687799945885
-0.041084016769154879656
-0.048342343445328339602
0.0017916584213045893149
-0.031945609632246810272
0.0083424400298383032809
0.53287515288904596655
-0.18472615110615878131
-0.103046977513930757
-0.019126692457172533163
-0.025881341017224550327
-0.039206979092531256403
0.024746696224652624946
-0.0010251708838999824477
0.029077037015550311061
-0.024450225856882317615
0.018583817186403443766
0.0054452842997268907643
0.029901379668031483061
-0.050468305620844415571
0.038679653075084564906
0.026688879358073222536
0.0088398858543178287367
0.021221480429870296508
0.00019088060558166715765
0.00051168044971027534622
0.00091179410331791103505
-0.010884761765037177447
0.0087339410870746550519
0.013782322624061654412
-0.019684635281449407856
-0.022706928797411818355
0.010571641521218786558
0.028460076542180513109
0.0079675403326965529849
-0.0057700069204763481875
-0.11337331783361397075
-0.088238314397272921141
0.35530947502257165249
0.041070932712642171936
0.022418769311106562236
-0.043648162785374394756
0.23278675324649758527
-0.053694869785722826316
-0.053522759453213837599
0.0091548079444979651303
-0.017146614041447637983
-0.00092721545904932405752
-0.015730789231071743567
0.025193040219788423451
0.012485590745797636725
-0.0012767041754476210914
0.0012575075128015459573
0.0047220191200025990463
0.00017033776382570963771
0.084443529948264442475
-0.0043015172348442667905
0.0087885024697910308494
0.0031052164568971000677
5.9786921950226699387e-05
-0.0019567645065519433459
0.045345765567304401056
-0.04948203400034929117
-0.009174811119224397446
-0.013785350657253923196
-0.23978657025880581455
0.029553729089095471388
0.029542374588377360439
0.068708630570788187253
0.0011666696932128020007
-0.0027837895204481165161
-0.0030767275026424268335
0.012318949762183343394
0.0022311672240786905447
-0.0072081621159988604197
-0.024991604991474406644
0.042952643934932602243
0.0096803497238340027037
-0.0037678071532519031087
0.055064770215317110358
-0.056886082616429030356
-0.1276647600581214681
0.097953760684682977811
0.08071974493584650745
0.010624174048190443073
-0.21106522283395182105
0.15491962534233361115
0.017941428837557282794
0.020451676563940736353
0.22755198785640706749
-0.27341302039502590748
-0.23204563019617679975
0.083815515219474515107
-0.029438088661630636839
-0.019406480592898973231
-0.034943879788640754003
0.00030177018250575939886
0.0018628909524268885169
0.00091278175588927943328
0.0015096658931771610168
0.00055694383815111975396
-0.0013695871141375932749
-0.02603156111365680439
0.044243900592679394346
0.035490592609855230177
0.081077910286093846093
0.15581858485980920603
-0.092083428735586100866
-0.00013194414101001060284
0.0017055964472437832192
0.00032926941446168896252
-0.0052211654910676967567
0.017857493505055308664
-0.0089780311125850862514
0.00014285464364664142195
0.00014623562846814312571
-4.1614006226854872604e-05
-0.053517036319242226872
0.004085953417311696291
-0.022932874319953153175
0.019800510535845184529
-0.0074080485679727968093
-0.022549785473053626794
0.014224894475740681304
-0.017656182523787672389
-0.0044868057567978769304
0.039366725203181636428
0.012177167124774847598
0.015614300697852646557
-0.023694834572136749123
0.00850454085599274337
0.02125900410950538541
0.01600227746488432079
-0.0023275064225817179014
0.0049561113471322726029
-0.039374998461936164262
0.03339750581738690216
0.017354996635430119251
0.0014715865781966771565
-0.00033634304649830218566
0.0024378498151577895382
0.013959983056389348513
-0.0058642132696118832308
0.00632500145526554685
-0.023187025252752561932
0.03148366690228710657
0.0037003157058136081081
-0.028408241328691262451
0.027894455954572947021
0.053050197003414498176
-0.0070448565948750038052
0.064045955223345732432
-0.008342198649213847933
0.00091983411614059542097
0.0050924521498345188403
0.0053533828670692161847
0.018152620442474357021
-0.034429313355329387025
-0.031740164162789047397
-0.0084479554107528796736
-0.0060036476177145305447
0.0036449134069422993616
0.018921669357808448136
0.023431992675249396774
-0.039345709628436469074
-0.10755301446231707585
1.0111119824887286889
0.28203297584308828494
0.040165284231904289924
-0.036338597252449165997
0.039139622663590972751
-0.057933095406765951207
-0.022308145661958957845
-0.051852688770006406804
0.00011240460082798147323
-1.4735844959218121725e-05
9.0921099231583988112e-05
0.066368908209825119848
-0.011151179179865033236
-0.015505160187920460912
0.01599733955571796401
0.035495888760944137308
-0.018694517554844157503
0.028712367296591208982
-0.047164310527360725489
-0.0096210056329967316019
-0.0010663912517506353959
0.01363843730327849238
0.0012979245380821231252
-0.00056045540303632606065
0.00058454956905346728765
-0.0020091565764664451148
0.0010707582438369027053
0.062985143210461697061
-0.01630836154405056887
-0.090235671268018902147
0.024856851421599893137
-0.096496034711608114076
-0.0056460066466733557777
-0.0059477868161678121989
-0.011590836172600435874
0.00022521772836531713815
0.00011541490535152861268
0.0010463896597688990189
-0.0021818281113876142156
0.0072383344061526426819
-0.0026455568032974653009
-0.2105465377081986722
-0.12825255697130644172
0.23141172557307773672
0.069583538127974881027
-0.026145947660994161427
0.028569656204130256666
