0.09314174047487416841
0.049516171956320360892
-0.0081699923456735826927
-0.071086656472794079731
-0.0059362390575542359553
-0.057670302682871307787
-4.1912884356874468585e-05
-0.00014162577910447243833
-0.00030783773013021614772
0.0093834640591019570499
0.0039903406641813134528
-0.034548626375534671751
-0.00045122324209381195655
0.00078763138280818142944
-0.0012586379096205329263
1.0898466191044087203
0.9078214917624606306
-0.32031732263777307201
-1.0986587853327467457
-0.86117534648047611157
0.29618022568806795514
-0.0040808254646776788779
0.0028362614661910741029
0.0013118704827057776127
0.61131543976640467797
-0.027143412005286249311
0.69454136254600473688
-0.036646656997979823456
-0.0015483037344168693386
-0.006275722601260804237
-0.00014719217686715753966
-0.0097220263137570515216
-0.0073100314291709720185
0.0043471317079783492951
-0.022069346207286011374
0.13541790325962446695
0.00081789717835690817389
0.00020073251209201296115
0.0053417081797879819444
0.0003849485952206937794
-0.00012361183044099885073
-0.00056966162090173633626
-0.00043109699361372342446
-0.00045012516830332489426
-0.00040331298986935506645
-0.00012183298432009405583
-0.00017767342785552731142
0.00013351226405292773518
5.2687669227404035398e-05
-0.0021066067617918401295
-0.00092492869093935509237
-7.4037651670023319167e-05
-4.3533108439626342539e-05
-0.0002188390268276932209
-0.011950778506206663834
-0.0013562555635799221007
-0.014927205985151337925
-0.019887778199276947427
-0.029568539228081534148
0.019531178185952704357
0.031635571913519268394
0.0075983041170339200507
-0.033488047569770071354
-0.054524100527802654703
0.0069104312785432855243
0.00087861747405121911735
-0.013615217868614415409
0.012231986176745559408
-0.022617200033172937118
-0.031792059478445870713
0.02355092762155518854
-0.00012696824688763209119
-0.056007437110244140399
0.057491223592901680162
0.066364152983103136263
0.00059446900762316124724
-0.00056521242221156035943
-0.00130636907727017435
0.002934753605275372372
0.0082403428745745615353
-0.0015920718718741987303
0.00028564082293947089079
-0.0046133370548185996529
-0.0019840099921930817208
-0.024415598427133245601
-0.018005282311454956501
-0.0059234106750845659864
0.015457926054396340168
0.022833856159895679627
-0.0041570575564110149452
-0.0042573332665517315057
-0.015505743141780754454
0.0077604132257018433594
-0.00043874795338791962871
-0.0066360646687982942013
0.0038232541564379510235
0.028516144862241989827
-0.012963011182646479516
0.0065897189464616040197
0.00095899771805339458289
0.00068391575234663280151
0.0024365086481901703647
-0.034819983322664053993
-0.015543471156894984528
-0.014516913097945420216
0.00054352513801744740344
-0.0021131196174350701938
-0.00366632239550404972
-0.00078043636227811399517
-0.00072366108791375115782
0.00034577694245414250952
0.044869484200540363239
0.015212414674341765211
-0.045453284944229892239
-0.0041487010305321283393
-0.0096350032529045094576
0.011443839657291602144
-0.001186749362305353217
0.028225850850649457369
0.04805970679073964108
-0.003839609156978429725
0.0002467222562907547866
0.0003364174787868860479
0.011412649586275034133
0.0045166827256473904284
0.081083015689719220576
-0.0011900272991064719807
-0.0024092929367635039506
-0.00023658880892121455022
-0.056363217436932525062
-0.027569340673933420693
0.0046194288224915055346
-0.036342426951395827295
0.0055718085548169390617
-0.0052595684151097296319
-0.01337580416785337685
-0.0019182277804855967212
-0.00013905189427319483708
-0.060283113933127623063
-0.027371635325946712392
-0.018480108643777738014
-0.0075000421844179480935
-0.0099458650155696912837
0.0088027396645621262122
-0.00070294976870990271995
-0.0039831208184677802456
0.001361470124644359762
0.03069793507590315787
0.0074637855425096436696
-0.071883851170440105083
-0.0053215550084852536808
-0.0081050538603301101881
0.0039509758271095906865
-0.00010640203921775145783
-0.0089680379521139812898
-0.0020591056914428013287
-0.001185922938618125342
-0.0037697843609717719866
-0.0052942814127690425441
0.0041234195463696887707
-0.0026260387205390223544
-0.0026838097786388440472
-0.018014171508424065699
-0.020318624469710708236
0.014924385758629589785
-0.05433629224291403742
0.014856839824542611428
-0.041743064691291457968
-0.071910678095179342284
-0.007654702560640800485
-0.020529290032720196729
-0.043414413092607725964
0.018064101788405236004
-0.017188551222495847964
0.055196203852117133037
-0.0069458958124723659683
0.04567073140082277688
0.0015308116670360648152
-0.0030521817641208648375
0.0086961296673736272062
6.3350948169471873518e-05
-0.0021962603166428328397
0.0013595124201735120893
0.014927033293284644108
-0.02750626386957744085
0.0075608312077856450889
-0.022082947484293981993
-0.018189079481229688401
0.018088146062017067955
0.0045583414504554832861
-0.07795966822852364031
0.080085389118309924239
-0.07528401097363295047
-0.010645711708588450478
-0.01778611431172752097
0.02058107047171809853
0.0066822848260801436665
-0.022906956865031725956
-1.0550235867241866019e-05
2.2919883587221874776e-05
-4.1136829501251883804e-06
-0.028290747744859498503
-0.012242911974284981236
0.020397057061289830537
-0.00087488845174197573881
0.00018559087806032642369
-0.00038598899904448009642
0.032072161386057493337
0.093491078433542582071
-0.026887030966776550439
-0.058565139316135293723
-0.010676945466486462491
-0.040509345124548096218
0.019640989019303025515
0.0067266140479656484977
-0.0094357649198660853429
-0.010464951706349596983
-0.053088540035193892974
0.005195639476437515468
0.012126178890375826497
0.0079942707037706731837
0.0087900137652500726776
-0.0097093869728973308114
0.0069843191321805860386
-0.020789468200665697784
-0.0021375732736844455829
-0.0011036060540985531426
-0.0013213136244922881347
-1.2046085817744258684
-0.17432521351424562495
0.22576845745108878316
-0.006847275372256034047
-0.00074553806191474363951
-0.00088080131786894997822
-0.064847838628655576909
-0.065099793491299975945
0.086265523933007404178
-0.00034536428043627285904
0.01293908106901649549
0.0060854468301774090194
0.012905495316501496353
0.006713658699445125902
0.021631073013279676631
0.00077389327913038210953
-0.0019278440360475154053
-0.0082602235034165763516
-0.0061056710144218265951
0.019311737694075341298
0.014306726462515316489
0.027137801107984849819
0.0012055714190686924077
0.00061187603327315682068
-0.00057750230936854979498
0.0028208244062993860501
-0.0019801160909692127124
0.0017290677232094321582
-0.0012131295717744362481
0.0032883183349819555125
-0.020421059227018801413
-0.0017993038755017250804
0.0067941313973253680478
-0.069871226390793184091
0.014916396793094853848
-0.060794497336841071822
0.0070435512881749920075
0.0067522973374802772173
0.0017503517504867513368
-0.0047666075184286463284
0.0088429878358384540749
-2.9655819338021969015e-05
0.0011777267041889985955
0.0029543282922484298721
-0.0029414519926274085293
-0.012638079928399293186
0.0014698058170439399096
-0.010726225815877754935
-0.016861991965188623255
0.052419030831716326158
0.028368678116906791142
-0.56103764755944951492
-0.043818855133866678464
-0.76404799503903009228
-0.053113407430744379034
0.0095169304704293238018
-0.014915778332287236985
-0.043186128769786592818
0.031244035169176301303
0.013990557156662305344
-0.013027706230778176091
0.020997992260755125871
-0.036800762430183882323
-0.0020733766258405278773
0.0035981004982524366145
-0.00056403663781658119891
-0.0041690595655082506032
-0.053917100836315345891
0.037211137791618845161
0.001218446264743682254
-0.0022016737614718399213
0.0008453635545539357754
0.066936080190203792184
-0.034427847007798606516
-0.012619106082686818923
-0.052492639882612636415
0.019222564515495307175
0.02135094183372338722
0.029613663900852519456
-0.021602207112467096406
-0.016890518532854618267
4.58629954599667789e-05
0.00025149613996044371247
0.00040900933736542715267
0.045903424911936295538
0.057062959322772312254
-0.0064479155817191279726
-0.0065194865376478642813
-0.013550012508930826469
0.028035525663369083998
0.0051644752933917362214
0.0022225660106928155947
-0.00080456773688321336652
-0.015241579097393436956
0.026380978097919140918
-0.015136988468742200095
-0.001773813059538073859
0.00046555982216272233506
-0.0011910275979341068426
-0.016179850235695354688
0.039502163145569473002
-0.044730797758150434018
1.2721169349068852661
0.17912312877179911719
-0.028022811823645792095
-0.003220316481320061909
-0.0042960678855415634567
0.002380813439240737385
0.0086059660980832338589
0.052110037304147260873
-0.0046576794340744045314
0.03438101994671285272
-0.0041736577764952100325
0.0060337848839116352273
-0.031039406707678823816
-0.008651986554462927359
0.043159620386976585427
0.011880601556908855151
0.015849999555919726951
-0.0085781332487490594835
-0.021945440126862166691
-0.011965418793269223113
-0.00082038090239312019131
0.06421301200268685061
0.066086427933481128871
-0.087008470192219036776
-0.031806650095458896543
-0.07200533698267999605
-0.2158012241002266185
-0.0068133633231755265022
-0.0032260437084060049166
-0.0054100372295760460264
-0.010531715333203989227
-0.011751132699502503734
0.018243379981765294601
0.027097660399876405402
-0.045891267222870721354
0.044302282271598041052
-0.0066163454042081947318
0.0023213374788497299732
0.011284595088759914044
-0.00057524378175757829006
-0.00038662811703710643196
0.0034764927795665912652
0.0092795566800785191097
0.012557950745807438392
-0.019847206932078625269
-0.00599872346944589456
-0.0031752519221636952597
-0.0056814640627516595564
0.014762606252099359783
-0.0074197218097556876318
0.018262457312578674051
-0.0080364583717984130334
0.0019325493364995163879
0.0011032637087581293866
0.00017866476437485579181
-0.00017905429963183548052
-0.00035825949563988995642
0.035798573249042904554
-0.049246453471295616178
-0.0062962646249821712513
-0.061451042745796241595
-0.0046887155881690520745
0.0039754525188087043094
0.033169102816525547484
-0.023257459089471743674
0.031140379488775477707
0.00022855099043154095237
-0.00031903678625060132761
-0.00031908542290849949185
0.0028515116665059859688
0.0019471041770193868448
-0.0012141863913910653019
0.05618179589553841391
-0.015286709808057264218
0.014570408429061296879
5.9458736257199395098e-06
-9.5651127525700004484e-06
-1.596483164007454612e-05
2.8394096089500938957e-05
-0.0020264896338285818753
0.00038933461573199481956
0.021409093980728301221
-0.023360815479632163899
0.0058299047810618691637
0.027315983893606197996
-0.051706115556987466975
-0.04250992044402253367
0.034976196817562560382
0.00076603864349217558761
0.017821203362085712846
-0.071068747953015765084
-0.0049548663949248771335
0.043352832922980776009
0.035643585472476028986
-0.0031768064570163023069
0.064184663328027066753
-0.049070531865764169255
-0.0090796571854816297137
-0.02960859244284527389
0.0048567501213650906763
-0.029238229653799324703
-0.012884309670554271871
0.0052002909234967606075
-0.01478862632268838212
-0.021806547608836261698
-0.0062467504216780966528
-0.008871081244095493229
0.040162786789495474871
-0.045171182062615312935
-0.0253160085092360293
-0.016880871527867463699
5.3879225948371846215e-05
-3.5280136007044921801e-05
-0.00089956797376651857941
0.0062626884365318919931
0.042318285089054968884
-0.062745574794948674735
0.14243592853420802835
0.020232649637568010659
-0.32392702436563469703
0.27797633809295280161
0.19829897567829618543
-0.07968793168290438933
0.0019815053075650256899
-0.0011256211556877938635
0.00059313245451907744415
0.0021484031336801920342
-0.005965642284986447802
-0.011479311307025617458
0.0047913831330537700118
-0.0048111143100709984066
0.0021497751651967239583
0.019089109663454360832
-0.0024172707474502731252
0.016509869938245054499
-0.0015004042282578996647
4.8132622563286024773e-05
-0.0017408368971836714854
-0.024378720118750269591
0.054482376947567134895
0.032984803169333408446
0.000475754592248543121
-0.00065251121498631524994
0.00013345023447678357512
0.010643506848960215122
-0.0017927695830872384785
0.018596216775002588628
0.011603619913922436774
-0.0043313146868777891926
0.0061831478501135142545
0.090715616337775820122
-0.060724880513107933055
-0.00099242972726005618082
-0.5320427773712710362
0.18286677485976016166
0.10353218278062800706
0.11164638873368058769
-1.0175115501645406457
-0.27263655934777697443
0.0080109785941287047634
0.031013147865729655955
-0.0079011553295669050001
-0.0014202199107031488693
-0.002004442681193175594
0.00017248098707605565949
-0.0013207541716395655631
-0.00081371064546835935802
-0.0062432646403116571002
-0.0012692168102060958843
0.00086077979106091739338
7.2127303609426603507e-05
-0.010384048060355212037
-0.0031153694521804083453
-0.00042801435514995745573
0.0013176539923000598394
-0.001819107362477698827
0.0005226286452819560403
-0.00089265400255846450318
-0.00095267010722984227233
0.0018261420181206289119
0.27149037734578529424
0.11686274933528235931
-0.20471243600792576878
0.066995080484164401535
-0.04109526980861386708
-0.048348631707027703297
0.0017918499074652120048
-0.031953257180218665179
0.0083512630316663286761
0.53290458147701424974
-0.18474431239795852111
-0.10304695370745503569
-0.019126276364923450179
-0.025883773370266420499
-0.039208038768778513683
0.024756832644390183024
-0.0010205302015872583492
0.029078854151004283196
-0.024448477549203834897
0.018582445345514699703
0.0054528716156965586007
0.029906350352672330523
-0.050466419757727115636
0.038683459086040997144
0.026694157965253491327
0.0088345781339783571035
0.021224833026755034193
0.00019852366509230434709
0.00050857922859901406442
0.0009131116157794343666
-0.010883973747520276493
0.0087378713768932938372
0.013791910063350289531
-0.019680472669365327992
-0.022716420651334924552
0.010572355766678641006
0.02846799983747617252
0.0079720840775611544887
-0.0057759717232246272911
-0.11337824550982182614
-0.088238749935704796634
0.3553234927910812746
0.041077499439360051769
0.022415961513162992874
-0.043654850933315718364
0.23280838954486071657
-0.053687494712825932497
-0.053519102906976839806
0.0091625226231287441175
-0.017142323105469391142
-0.00093128794414878968404
-0.015725802318333009788
0.025202886120124456254
0.012483969335307626425
-0.0012745533739180201285
0.0012633404566837580334
0.0047160975574619505568
0.00016929239302839387904
0.084454954424454914408
-0.0042990782172910311024
0.0087954935457414326616
0.0031058814856577349542
5.3882016210301855708e-05
-0.0019499554495423297544
0.045345132941309519714
-0.049486002349866983763
-0.0091687553299937499945
-0.013778877072082133803
-0.23980302485828283721
0.029560920296658389772
0.029544903657433282257
0.068704542719698072362
0.001168101985882946843
-0.0027781277686362245739
-0.0030839195035828005295
0.012328557370230537604
0.0022343458108706067654
-0.0072087713743421745483
-0.024984305553333592542
0.042958835598730149563
0.0096777510622698941639
-0.003763421530223185537
0.055067090016141885533
-0.056895191613963766453
-0.12766796027978760675
0.097968678819075019626
0.080725002942154927554
0.010621944076336223284
-0.21106684609495732219
0.15492969390169705757
0.017948330986107995794
0.020456622516193345707
0.22755862244736341227
-0.27342535828413289112
-0.2320569990168539487
0.083812219073351762466
-0.02943235730960737373
-0.019398305708960301291
-0.034953030842788640475
0.00030904534925292912817
0.0018698302560192616231
0.00091413918675844758454
0.0015181290154812462825
0.00056246316109707038787
-0.0013704668858672045505
-0.0260245428748929232
0.044241016247322705046
0.035485972662569809088
0.081083101517518962886
0.15583807480538486301
-0.092081495914040689676
-0.00012865116822230907392
0.0017160542939719132787
0.0003260174705962640032
-0.0052150891048357668131
0.017863675903702976033
-0.0089838832084205809403
0.00014592359651966098355
0.00015263843175665088299
-4.0531986543963900661e-05
-0.053515622772612930769
0.0040879431762411121143
-0.022943727520901225497
0.019801823500695901054
-0.007405670776478042068
-0.022556627959409977779
0.014226376062757830829
-0.017650321489615268533
-0.0044776635398272356461
0.039373745481402627755
0.012174488112203023585
0.015622618471909537063
-0.023697350495809274551
0.0085097876144910253315
0.021266596727066794381
0.016005499635231380806
-0.0023256823405394238397
0.0049658499435275933395
-0.039364663030834412538
0.033403638807607848038
0.017356881607567375969
0.0014739675188937162616
-0.00032964038121306921732
0.0024410220849789164219
0.013961306588514620433
-0.0058591593708766740584
0.0063335016732417540736
-0.023187977466277813476
0.031492363162865757986
0.0037030789640479797389
-0.028407070546128565525
0.027904464176224452049
0.053057454394484948601
-0.0070353282679952791612
0.06404573826042869733
-0.0083448066663515535479
0.00091975122011763105548
0.0050932074812886380527
0.00536356095257199076
0.018161696024135230015
-0.034422370273910450622
-0.031738175369294054085
-0.0084381356656498263114
-0.0059996004797640426279
0.0036447623474333465908
0.018923460722550897173
0.023438690684149197235
-0.039339695645418830405
-0.10755348659994402871
1.0111695075618720718
0.28205493996772940113
0.040165616312735893945
-0.036331043321942493862
0.039146017343146106982
-0.057936700288450673768
-0.022304609370469997975
-0.051857953272139760414
0.00011739890966650931776
-1.3728823783161366701e-05
9.8324427775172451344e-05
0.066370497366802269634
-0.011146391057304484359
-0.015499287518091476451
0.016007401830576764579
0.035494882484479697848
-0.01869853854527765008
0.028718425642879210485
-0.047160045766618384488
-0.0096228064227529067076
-0.0010585860698412558577
0.013645534085612542191
0.0012971543660638819133
-0.00055928470121907115139
0.00059276268413084327175
-0.0020065671920220721873
0.0010771020620073061113
0.062985441368070979595
-0.016302247427135669461
-0.090237329790590653511
0.024865024160353535465
-0.096495650867810756068
-0.0056446671299323625259
-0.0059450864357380103775
-0.011579916376872879252
0.0002267232716955622522
0.00011707358210192446467
0.0010546943528295718833
-0.0021746670006609456101
0.0072378256325656637263
-0.0026397233168940176067
-0.21055330920530962446
-0.12826260608075817915
0.23142406531400469549
0.069586520714595465065
-0.026137749994157438715
0.0285741014112257663
