0.093141075508847148701
0.049515232582966750563
-0.0081712385714710900064
-0.071086385348960084984
-0.0059360430799307263225
-0.05766968825665497872
-4.2457907777211084254e-05
-0.00014103578938205271905
-0.00030648764340052386639
0.0093838486384104583676
0.0039903555887003854322
-0.034547618489535650288
-0.00045048558335992479979
0.00078696108956736034006
-0.0012574112214845914633
1.0897984684396868627
0.90778440858408671055
-0.32030342433499431332
-1.0986105718369236772
-0.86113634797498661566
0.29616794722047729005
-0.0040803425067331786785
0.0028360849363932801905
0.0013132274001535701458
0.61129238093835014389
-0.027143946940198320633
0.69451413348796608993
-0.036645945058937402783
-0.001547670398269833901
-0.0062749893186993940461
-0.00014702676927821361108
-0.0097226762334639820623
-0.0073085057551450557239
0.0043497366113733849577
-0.022068505694107724835
0.13540742796536700543
0.00081807481079587923527
0.00020061373341495277768
0.0053428839335272464844
0.00038492449939189646389
-0.00012351877155713616627
-0.00056810530583721629335
-0.00042968775001106160587
-0.00044943090434672810325
-0.00040296663964410189005
-0.00012103743280580660192
-0.0001764730182559267886
0.00013360752518779196079
5.2886807528244578322e-05
-0.0021061384698085675038
-0.00092383355757279922698
-7.3213529350435411765e-05
-4.226654765640787875e-05
-0.00021844269190514174891
-0.011949828997633343136
-0.0013561996507992855453
-0.014926884697093120713
-0.01988734711266896063
-0.029567831039134337412
0.019532300231950173314
0.031637368519358381735
0.0075980338423950345011
-0.033486319615791459992
-0.054527923687492305116
0.0069123130442093000739
0.00087822704328769176946
-0.013612121755225714895
0.012231795295319322983
-0.022618036580925860585
-0.031791943433248183448
0.023552089361220503172
-0.00012715469672288829501
-0.056005101753735624104
0.057486687008320248859
0.066366120904740949493
0.00059418911847287719189
-0.0005641498845401802598
-0.001305361031195800825
0.0029349258192002567955
0.0082416465404539698131
-0.0015921515887521225582
0.00028566222447102808607
-0.004612765194149214508
-0.0019838549033976840899
-0.024415070202350515338
-0.018004987614713481581
-0.0059237352928622000539
0.015457569957147717851
0.022834082435178027631
-0.0041561992062823975916
-0.0042559743944763448603
-0.015505961423862620746
0.0077609517787408325434
-0.00043840249676939673125
-0.0066357057789455343652
0.0038235022263790551487
0.028517161362281755882
-0.01296264028032968578
0.0065900963881525033428
0.00095869049343832925692
0.00068439920370020452221
0.0024350073321208138069
-0.034821019424774349305
-0.015543360521473679331
-0.014518069281528453093
0.00054378448737091604134
-0.0021127666669088808471
-0.0036670564562194542767
-0.00078053387684358680951
-0.00072286246059396379923
0.00034430133937894756135
0.044868929612932602347
0.01521255352738101925
-0.045453747531714057406
-0.0041481327043653946907
-0.0096347878374385374778
0.011442508505647600719
-0.0011861773435264586461
0.028226862547651377505
0.048060821670468746591
-0.0038381210337742601921
0.00024742779176857473663
0.00033609747800430285133
0.011413324250838949303
0.0045166859214295718497
0.081080794002715894653
-0.0011885614002012023435
-0.0024082496210466367535
-0.00023677370014559432428
-0.056361940664741608242
-0.027568997942732841044
0.0046178100900371686632
-0.036342543618007892847
0.0055721968606890857206
-0.005260063413778306475
-0.013377189916054804328
-0.0019168121527138872687
-0.00013777363189023528319
-0.060274551580591202715
-0.027368956635972593872
-0.018476370340550399285
-0.0074992479732114755014
-0.0099449220226561149683
0.0088020418884459661335
-0.00070221035123181380251
-0.0039819474377816134816
0.0013611702698413921577
0.030697948740694484121
0.0074611144852802947086
-0.071881516817154239574
-0.0053211379334591928439
-0.0081036595014927562119
0.0039508124590463362599
-0.00010587211712059205236
-0.0089669168332143639466
-0.0020595825937999648336
-0.0011846879394251876201
-0.003768775920470787081
-0.0052942216184300302725
0.0041230925335190024908
-0.0026245530633848450711
-0.0026835471420501456202
-0.01801397967335135325
-0.020318112874330149231
0.014924257483365713575
-0.054336263155251737778
0.014857347331128008608
-0.041745180077937968366
-0.071910778929029722795
-0.0076545901075434014463
-0.020530033364596765588
-0.043414251378268056691
0.018063363199933638037
-0.017188912412666169233
0.055189831129014960132
-0.0069471314175298705396
0.045666534186141048701
0.0015313711348909490092
-0.0030512257760114628452
0.0086954682917046548229
6.2867931142434566472e-05
-0.0021956352755411120969
0.001358824743484856809
0.014927256269266837851
-0.027506054436901163085
0.0075594896371251772346
-0.022086020285513607159
-0.018191099939025744819
0.018089342071588087463
0.0045591961530150743043
-0.077959530505339796891
0.080085451897935727716
-0.075283150678524063393
-0.010645388057597180917
-0.017786226086085030196
0.020581301756326022406
0.0066818000800171221606
-0.022905871734333907441
-1.0342115208621594017e-05
2.1680387700131448334e-05
-3.2769183985091163026e-06
-0.028290688320728639427
-0.012243491787444295976
0.02039833912209938413
-0.00087506591185319848331
0.00018452802693033319996
-0.00038530423679677787419
0.032073681381465067586
0.093491316469747301476
-0.02688704691382400383
-0.058565530009775636222
-0.01067895072388739923
-0.040509544253934763602
0.019642417726372922437
0.0067256545807309704374
-0.0094354606348733775084
-0.010462295196227515068
-0.053081167688111635661
0.0051945017387110617446
0.012126561046720874676
0.0079933610559975859511
0.0087903931920303608749
-0.0097093029972743303407
0.0069834396662528603131
-0.020788800067678105815
-0.0021361901841744825731
-0.0011043698556450812741
-0.0013207745101103340012
-1.2045557210594761699
-0.17431949535763427428
0.22575850078410844568
-0.0068459271587200968764
-0.00074590497030150410777
-0.0008804831721608419445
-0.064842524523019626215
-0.065096014799663703965
0.086258014126034968094
-0.00034389214906739383861
0.012938580094146149083
0.0060854806136946340556
0.01290545337435833155
0.0067128843653687505708
0.02163139296063743694
0.00077422116048380046956
-0.0019279169493176913017
-0.0082590619287989629205
-0.0061057507364034313557
0.019311149641666035953
0.014307115043325428771
0.027134900233353635018
0.0012079625418955847529
0.00061259048047293204482
-0.00057647675423089120381
0.0028196102482429120754
-0.0019803657182464297695
0.0017300497422331499384
-0.0012140958690854686264
0.0032885481442619982594
-0.02042034648282872733
-0.0018003803490692718309
0.0067947430386631531979
-0.069872763747217389585
0.014914489218262919415
-0.060795668285424458999
0.0070434717259608972326
0.0067515965308060773772
0.001751511437268797643
-0.0047664039031957662271
0.0088422060796357632856
-2.8343250638450352219e-05
0.0011773442959470098272
0.0029531339258622164683
-0.0029402345260774493015
-0.012638340499195129321
0.0014702461695529948308
-0.010725525391187392885
-0.016860262959683756934
0.052419850783073290712
0.028370848884930941619
-0.56101215339738441656
-0.043818094517683765787
-0.76402085476412218146
-0.053112727500005715853
0.0095170137281580732824
-0.014915391280199884194
-0.043187662180728642047
0.031244370821572987201
0.013988690318384630965
-0.013027206444817364742
0.020997725728459697148
-0.036802160899419157636
-0.0020727679788828017385
0.0035969087758007207631
-0.00056459092358138933225
-0.0041692651907415754359
-0.053918709808231914116
0.037211479866406806105
0.0012194395906850220585
-0.0022026685355082090308
0.00084457803229724453999
0.066937832546456646488
-0.034428637124308818229
-0.012618030365888781644
-0.052492312581467102939
0.019221583843208343845
0.021349821905432428415
0.029614952272132347849
-0.021601902722728886369
-0.016890988125575764206
4.604978977868013013e-05
0.0002506601914131363607
0.00040785703413184190612
0.045903377734340486405
0.057062774027954489553
-0.0064492999933620821784
-0.0065189760911684175443
-0.013550919262496295345
0.028035183122218192142
0.0051649032404590296264
0.0022210827650732951725
-0.00080544955335292030794
-0.015241368893090030678
0.02638046665783211342
-0.015137957448504048633
-0.0017723166489167776431
0.00046575817321502162608
-0.0011907827165466629716
-0.01617902991897088652
0.0395013007491023041
-0.044731515073752427247
1.2720636863706218378
0.17911440340775577895
-0.028019168694853307383
-0.0032195943802194172505
-0.0042971894825985165745
0.0023800434605278789416
0.008605858882527493009
0.052101201518324154194
-0.0046573004886209367487
0.034384092270847939343
-0.0041737229591098622128
0.0060337558659456277249
-0.03103978732025269513
-0.008647901521890965712
0.043157804066284749522
0.011881713149422176365
0.015849823690766810802
-0.0085784922710426120274
-0.021944535852415743282
-0.011965948562663558663
-0.00082123671429992046392
0.064207828541249775678
0.066079353973223786678
-0.087001824850083731011
-0.031804652567384489315
-0.072002878131476308332
-0.21579111345831666902
-0.0068126759312205579372
-0.003225794976872223014
-0.0054108315085565454605
-0.010530418917339983212
-0.01175114854527004038
0.018242776882072826716
0.027098012039268846302
-0.045892909743254266253
0.044301484750421164793
-0.0066157844146463263765
0.0023207332397925106715
0.011283261899854180044
-0.00057403320140325241744
-0.00038589976989406547803
0.0034759162511803602669
0.0092795490402697439203
0.012561228998309742835
-0.019848853689511985338
-0.00599921636885563693
-0.0031753377580857459518
-0.0056805419270286169539
0.014762242110491471947
-0.0074196028901199204478
0.018263524969966780237
-0.0080379840113945603963
0.0019309061091466806544
0.0011058218145160335008
0.00017800922489770866063
-0.00017774253433210142621
-0.0003577498950721571592
0.035797617343022510028
-0.049246477931938356654
-0.0062963418985781949289
-0.061452634950933414382
-0.0046883346855153950478
0.0039764257199100616971
0.033169266207490721854
-0.023257320565899127635
0.031140595198064953408
0.00022732385137320913347
-0.00031826776559585375631
-0.00031873363277297185039
0.0028499337422711219781
0.0019476268407135695522
-0.001213936434397241363
0.056181289763695588246
-0.015285313408669868804
0.014570845011950068343
5.5079580030738052078e-06
-8.5310123678052884178e-06
-1.5193253716387451614e-05
2.8098684585241441971e-05
-0.0020251551478079163511
0.00038898042977397468811
0.021409637137969561582
-0.023360730652582834682
0.0058329870983911619522
0.027315714734613267406
-0.051704686747029722504
-0.042509156310940987566
0.034974953746303667768
0.00076603823549785952148
0.017821899713469358667
-0.071071965208441098549
-0.0049569725907008818991
0.043351163684532831311
0.035647920071255063956
-0.0031761507523734985523
0.064185717537263348165
-0.049073493980573472395
-0.0090796059067607421539
-0.02960795880158423668
0.0048563202696830388289
-0.029237762776007245047
-0.012884241710165885569
0.0052007361205997871753
-0.014788327032096881125
-0.021806258244452821071
-0.0062462323032898585048
-0.008870815990828530978
0.040162958981574903294
-0.04517218924880655323
-0.025314605186032682754
-0.01688048357317800327
5.3464324505379397213e-05
-3.5639249920682472116e-05
-0.00089785719372019749587
0.0062627630650427543527
0.042319455898908724112
-0.062747417244608083564
0.14242340585562210387
0.020232110707568428526
-0.3239059518602294685
0.27796233327106950606
0.1982867878113092619
-0.07968125287468917628
0.0019808474408509421129
-0.0011246186058670849892
0.00059188031001867710303
0.0021480587734403625358
-0.0059664850096949285582
-0.011484401439658419031
0.0047912011122074084357
-0.004810864578373676842
0.0021484311304218644059
0.019091685848621774146
-0.0024160918448984363555
0.016511069967997438895
-0.0015006961916752515566
4.8814585816886804908e-05
-0.0017420353438295731706
-0.024380305137802035093
0.054486406176234090937
0.032989214295741836613
0.00047445304759465061145
-0.00065174791687983100325
0.00013314344520502763812
0.010642887941662616119
-0.0017923445628677664703
0.018595623039924662895
0.011602690572379541906
-0.0043305457713749507739
0.0061830208902716584859
0.090715847479663463959
-0.060724386744756997381
-0.00099250789476805359804
-0.5320181151107783446
0.18285939139554663324
0.1035265101790106973
0.11163904762914467206
-1.0174552124986300239
-0.27262239939610571904
0.0080110586506629589965
0.031012696333352150757
-0.0079017110271463117388
-0.0014214495096342818006
-0.0020037455258733252728
0.00017266508154741355761
-0.0013222351613058306186
-0.0008131496766973049517
-0.0062440694013047226205
-0.001269390387153427821
0.0008617951594321911343
7.1456894861113352574e-05
-0.010384312348801107498
-0.0031144878084459104613
-0.0004279375663721268026
0.0013166328687135584255
-0.0018177595169040136874
0.00052281497279911082286
-0.00089267320944857227877
-0.0009513227117675339059
0.0018262711691956544195
0.27147593560135435675
0.11685628585178668704
-0.20470093149871884664
0.066994703800260999027
-0.041091657470028984667
-0.048340850375690538887
0.0017915991635960360796
-0.03195021971436948216
0.0083428974049650789918
0.53287884390319106842
-0.18473446321378850232
-0.1030427572248966972
-0.019125062643991250916
-0.025889481637004291975
-0.039204541140541629418
0.024755229482619628412
-0.0010210131009553019294
0.029078426058423947204
-0.024445422189019277298
0.018584752836272831755
0.0054505956602025210436
0.029905606614578660041
-0.050466100474822417343
0.038682871917430187991
0.026693892454402803893
0.0088352461389282072046
0.02122462771219125327
0.00019687707620147086606
0.00050923464538068683675
0.00091284753829840546702
-0.010884021852068973338
0.0087378905418635851449
0.01379068556652196173
-0.019680538527407760718
-0.022715768532194528795
0.010572125308156380546
0.028466701676669127485
0.0079714957359714889301
-0.0057749282417200887424
-0.11336792848998576699
-0.088235814342461915682
0.3553033680564682828
0.041077266374015354577
0.022416904206392151283
-0.043654769502127648007
0.23279481174001409594
-0.053685990587581139399
-0.053520692430914049154
0.0091612407651088020172
-0.017143270496124577568
-0.0009307893972058758382
-0.015726462617967468943
0.025201847653001593214
0.012484238666934700107
-0.0012750042041820733134
0.0012625109485466837981
0.0047171696869779929442
0.00017035066021758754379
0.084456045310059471576
-0.0042985473047515666487
0.0087945416409156533522
0.0031056755930690370382
5.4894139295746446157e-05
-0.0019507450014910922287
0.045345497113101505826
-0.049486058246189616738
-0.0091685414059683341403
-0.013779606019179845011
-0.23978958209083681141
0.029561172948393305004
0.029546762997187586697
0.068706760061934477046
0.001167550033998805345
-0.0027790393689003500127
-0.0030826450176253340947
0.012327405296879808544
0.0022341326584500451405
-0.0072088356590097367807
-0.024984628870775096171
0.042958713359151794176
0.0096779104268396986405
-0.0037646385459988401627
0.055067110581992442797
-0.056894802582346540309
-0.12766125633433358932
0.097961703134511801672
0.080720140042965252136
0.010624859554473569875
-0.21105852027329574661
0.15492096317856246523
0.017946615815373344327
0.020455781235751886032
0.22754654045873548562
-0.27341234919993040453
-0.23204502223374495751
0.0838077004226862321
-0.029432814714007115436
-0.019404140861328800227
-0.034951640718724044654
0.00030806538103554832742
0.001868656876387346814
0.00091403436762228903924
0.0015171718715893548271
0.0005616771933849133442
-0.0013702193805924956643
-0.026023294935756679375
0.044243514654824588062
0.035487779479603215327
0.08107895318549983299
0.15582642765474333246
-0.092080029680418173932
-0.00012906037863290691623
0.0017148073450633334255
0.00032638297483445616581
-0.0052157874422937462733
0.017862797786466416
-0.0089829432229751229183
0.00014530518369021164725
0.00015117576235272728031
-4.0921877668258019995e-05
-0.053515541373223077248
0.0040877812570164328426
-0.022942567370180771968
0.019801726115037748821
-0.0074058990904179982512
-0.022556035492411398435
0.014226185351643209909
-0.0176506473073856536
-0.0044783998026990479505
0.039373277986292594399
0.012174667406829152091
0.015621739044313437406
-0.023697193817639686936
0.008508965253263585729
0.021265571312285215522
0.01600482741861061764
-0.0023257009829593250361
0.0049647351421800703028
-0.039366532345071494903
0.033403597276267835148
0.017357120100959657488
0.0014735121098823913358
-0.00033092660566133634634
0.0024402236373374575941
0.01396105020194670851
-0.0058594543709981558588
0.0063328735561385329431
-0.023190440981271577547
0.031492662714990952988
0.0037055207602077486553
-0.028407110856915235991
0.027903637931902827707
0.053056949077125513392
-0.0070366462789774450112
0.064045830361088115779
-0.0083445304248269853986
0.0009198193254271417197
0.0050932976166737737797
0.0053622329018823021093
0.018161854186271406131
-0.034423911073028883034
-0.031738113108627605263
-0.0084397611254728357316
-0.0060000738866818614792
0.0036449835435903707101
0.018922868900612847126
0.023437583682669762414
-0.039340919994000828064
-0.10754871098636306637
1.0111143596933171995
0.28203875511482118243
0.040165839126271654647
-0.036333537102163908361
0.039145483774825434731
-0.057930662839659398389
-0.022301461671766269201
-0.051851706628173205305
0.00011690755117622168564
-1.3900250387965495851e-05
9.6762041233960872835e-05
0.066370912092849967956
-0.01114580212693969466
-0.015500386719659153129
0.016006521813069923138
0.035494925594580568895
-0.018697506998598782679
0.02871843365675268156
-0.04716054957620152005
-0.0096225662432634570531
-0.0010597171502279732411
0.013644792291747370391
0.0012970921074952289874
-0.00055964171093676002774
0.00059113359242123520321
-0.0020072858498591480449
0.0010759375794691550688
0.062985389343532066642
-0.016302129488425839976
-0.090233489204148267793
0.024864663388012745587
-0.096490864194508779716
-0.005644745911247516304
-0.0059454438024256943754
-0.011581051847716395536
0.00022647369768904080257
0.00011656503628693563434
0.0010530833002108429611
-0.0021758601861224216752
0.007237868033055586646
-0.0026405984857419983504
-0.21054146757914868338
-0.1282551956318404851
0.23141296070614078562
0.069587246396229845979
-0.026139031736239028147
0.028574514134768316809
