0
-0.43661165237426757812
-0.42365622520446777344
-0.41899180412292480469
-0.44306492805480957031
-0.38355922698974609375
-0.44284892082214355469
-0.41470265388488769531
-0.42908596992492675781
-0.43022704124450683594
-0.35489487648010253906
-0.41839098930358886719
-0.4507007598876953125
-0.45377588272094726562
-0.42823696136474609375
-0.42870807647705078125
-0.41703820228576660156
-0.42399930953979492188
-0.37522029876708984375
-0.38406443595886230469
-0.39650058746337890625
-0.41775679588317871094
-0.45488047599792480469
-0.41631913185119628906
-0.44218850135803222656
-0.39288067817687988281
-0.44117593765258789062
-0.41652655601501464844
-0.43231177330017089844
-0.37310552597045898438
-0.38700699806213378906
-0.44273686408996582031
-0.41633343696594238281
-0.44977402687072753906
-0.41839480400085449219
-0.39537262916564941406
-0.35767221450805664062
-0.43448472023010253906
-0.439208984375
-0.42602276802062988281
-0.45211100578308105469
-0.417255401611328125
-0.41063404083251953125
-0.42404818534851074219
-0.43740415573120117188
-0.44147157669067382812
-0.41724753379821777344
-0.44707894325256347656
-0.44773650169372558594
-0.40861916542053222656
-0.43021035194396972656
