0
0.79183852679734911817
1.4049006152214928989
1.3422866166556701728
1.5345676339904628094
1.3609441708616287769
1.3531862282310100909
1.4693563414474510864
1.3768629632590858591
1.4858392906258472976
1.4855508013205849238
1.4861731202835812837
1.4873408322925030234
1.4786696358363684567
1.4864623353966806008
1.4792278393278621706
1.4863889817487034861
1.4857530167179504588
1.4829010098725916578
1.4880156316584418619
1.4794284572214877471
1.4849494712271678054
1.4670763693587929311
1.4613703047490105291
1.4693868986435916213
1.4761962034585707215
1.4885176115732292601
1.4800245471880799641
1.4874698590187591662
1.4850369765705693226
1.4832978019751550391
1.4863853930913251133
1.4774945414670099808
1.4866406808100123271
1.4814423327068197977
1.4877528238505135505
1.4923963969909408434
1.4827819069433161303
1.4827951409001229877
1.4603249970245428813
1.4625518979610205861
1.4683539184259899457
1.4824362222124420896
1.4885139069233730424
1.4797256846487272242
1.4874049813137020237
1.4800352651732708864
1.4863557192068839186
1.4854384397064421819
1.4815678262533253928
1.4865494040449789281
1.4778670131757110084
1.4874743959453269326
1.4840283815249506461
1.4871640274233755008
1.484228993265361396
1.4642781627085952323
1.4627222144289220296
1.4596288190451076616
1.4803947987703480749
1.486523021529293942
1.4846862651203309724
1.4876808209075988998
1.4781363775894362789
1.4866702243532472494
1.4811681284018902716
1.4855814032634953037
1.4860796458803804398
1.4800596881642604785
1.486949099560760601
1.4790358925528153122
1.488073875763618048
1.486171282849227282
1.4809311922798826799
1.4712714303459080156
1.4538916771454495347
1.4675732225790909524
1.474586864647548623
1.487647880682445134
1.4878099887150000313
1.481625004444126148
1.4870904949574850207
1.4779996408070843472
1.4864064419341929124
1.483607422973321377
1.4839091244827358196
1.4866010158298621491
1.4784653324206828984
1.487532032809454563
1.481795927103561894
1.4880882325819868583
1.4822634372821283932
1.4646797799421591435
1.4625510440340008245
1.4592514779414642589
1.4808302047522090561
1.485227729814781128
1.4859799893422689365
1.4876453916407683664
1.4786442195704125879
1.4866429045771667461
1.4800104956208031126
1.4859056395204532919
1.4856705432764130137
1.4808513855311673524
1.4867858435338234813
1.4784872862972235907
1.4878315071514833789
1.4853975880330949622
1.4847420544510043783
1.4778816109736681028
1.4575997281856416521
1.4628964544405391734
1.4649793694108126374
1.4826009666915069829
1.487773832676552388
1.4823333806372005483
1.4875535316665065011
1.478350516358943878
1.4866429575180148959
1.4836727845618327137
1.4837121545194236205
1.4862472060574134503
1.4777862893713376025
1.486685309045270742
1.4811467365667283502
1.487160055904098499
1.4876592656016356386
1.4821657693819503265
1.4826361939118299915
1.4627776947366015747
1.4631144552629109512
1.4628233827591117233
1.4735132022199479707
1.4859449272310882861
1.4796022848775294278
1.4879019843611303031
1.4815235250314060522
1.4864148076848238134
1.4861319884879264919
1.480215894670692478
1.4861916631318905502
1.4776523536500718592
1.4863909416826572851
1.4842522775085598141
1.4843029722802754122
1.4875842248070938467
1.4793081116055049051
1.4882147134408256761
1.4780057622377853477
1.4722229812808507177
1.4634209413333536531
1.4578494036901901154
1.4738428854348484265
1.4758584333737729821
1.4882654604120091335
1.4857580674047881075
1.4847037216469374243
1.4870971646547843648
1.4779236993824156343
1.486387098030760967
1.4803300707019957372
1.4856874535596205078
1.4857524015036460696
1.4804837257296696862
1.4866285157095262548
1.4782099980275233975
1.4874682427669085882
1.4849161168596651805
1.4861260993698266475
1.4863448754649368766
1.4699588645099339601
1.4679734030454341109
1.4557489265005045809
1.4662146684686661047
1.4752947286971505036
1.4806712737722591555
1.4882509044913234675
1.4788923214754561286
1.4875333072345853225
1.4827478755682079736
1.4855961486532009985
1.486301497880120337
1.4791369373873237691
1.4861633702802379275
1.4779155976806777062
1.4863705633982675636
1.4844292991675018811
1.484149737881011788
1.4874172717043592229
1.4791581604428643004
1.4881744176347098119
1.4807040295714983813
1.4798631748878676717
1.469032333674107349
1.4582941267998421608
1.464874555034128889
1.4646585578761062152
1.4836401290441756373
1.4834199526711984163
1.4872456524001620437
1.4874755580838296964
1.4806991707785357448
1.4868028730987248309
1.4777631304908851462
1.486309094608756709
1.4831562914979485868
1.4842705480940878715
1.4863112509797247185
1.4785689384378173372
1.4868351529539154399
1.4793037380033098316
1.4876820043764240609
1.4861267891954526021
1.4852806286784527856
1.4843117246531392084
1.4666209835796735206
1.4661572290249438311
1.4557809602278268812
1.467521211607333953
1.4763715323945660884
1.4819435668648992532
1.488260000184340015
1.4789321384668454584
1.4875539643401367584
1.4812036580123049134
1.4863940220035658513
1.4858465184803009151
1.4810712429456742711
1.4861886232418868303
1.4770899017541836429
1.4863487214531545533
1.4823124325271095358
1.4858288417062652798
1.4872534017294753994
1.4808096416096105941
1.4881727299673173093
1.4790238456081823415
1.4810402643394837696
1.4681858890130285999
1.4610160085937167196
1.4644509139148169652
1.4649781221728090941
1.4834767645440365413
1.4808872061566091816
1.4880253728438219696
1.4863938543032020334
1.4833162101976569147
1.4868181865675467179
1.4774394517123425885
1.4862942346068734878
1.4806027887710087043
1.4857398415738458652
1.4858921797415973742
1.4809257737355636664
1.4869735453286807569
1.4783929125050860875
1.4879335599951133418
1.4844755609019273379
1.4850670729190227348
1.4775622354706996475
1.4594796151827580388
1.4626666395648300067
1.4599835880055991311
1.4787125322539935723
1.4846052237790559047
1.4854906786850534672
1.4879375517354560543
1.4788641659552865804
1.4869744602558370161
1.4797665810977065348
1.486226428604069838
1.4852052590400006693
1.4818313435442007631
1.4863142861031803932
1.4773935057582150421
1.486872337711801606
1.4820681606577039702
1.4871729694899329388
1.487822032796046301
1.4817912882768382588
1.4817807199244441563
1.4624180713045262792
1.4635946641936783408
1.4607067492190992652
1.4710711729867682607
1.4828110983126947531
1.4804216144649444686
1.4881277663445615644
1.4797107081742240098
1.487248351921365952
1.4848459643213516301
1.4835444605500640591
1.4863038883058834472
1.4775098444999343883
1.486267017311121208
1.4798286185206279697
1.4865567903844265629
1.4862186023461987361
1.4830798391531914149
1.4881029575250011021
1.4791383030402869281
1.4840882465239246812
1.4687146812463112155
1.4638241075423223947
1.4631928738181727567
1.4657664743169362964
1.4827132334318378071
1.4792645197688187864
1.4881620247027740334
1.4842229729446074771
1.485567163174366101
1.4867405765117069905
1.4787543489299395105
1.4862740885787530942
1.4782978682783749491
1.4862994696867275479
1.48465998166791735
1.483682064708474968
1.4872938389613068466
1.4789781359001210603
1.4881801159423844183
1.4815219265875612109
1.4810905256126574159
1.4694553436024904158
1.4578185671616950003
1.4658744784434389885
1.4672856120449040418
1.4857654709642389435
1.4840365808107804924
1.4868762415279945799
1.4873597889525456139
1.479945957082776431
1.4866200220983643021
1.4779514697519431365
1.4862729060645563095
1.4837553644724010837
1.4841007422683105688
1.4866951425930068353
1.4788382472228676079
1.4875679671479105082
1.4805556946408700014
1.4883489649491679074
1.4828236342945189108
1.4705753388450659713
1.4642318950393899968
1.4550218936716703411
1.4730633718686192424
1.4773816643839268181
1.4881518017331671899
1.4871981378971952381
1.4832000400917166871
1.487145932242640356
1.477561589616072979
1.486435744926907887
1.4807356633065325013
1.485779414247261343
1.4858709062981603211
1.4810471832496432398
1.4869369727734778053
1.4782582053151571699
1.4879060484663853003
1.4840211955851287939
1.4859110826703840758
1.4784648704064693447
1.4605809119479431502
1.4626088539469321859
1.4597590402548377142
1.479703469153278661
1.4848694477261545899
1.4857987232179254988
1.4878394739191946883
1.4788621340112086955
1.4868566289879510123
1.4795112142466138039
1.4862031949758858218
1.4851256088207946959
1.4820258802333512449
1.4864780170235860624
1.4776413396094483232
1.4871535146667582694
1.4824121460801649164
1.4875429968183198071
1.487889528194216382
1.4776809770122127929
1.4728701948927493959
1.4549242246209246332
1.4640595320115750155
1.4694899495682847146
1.4824794749694518714
1.4882368145354973876
1.4807074966646069925
1.4876268900681566265
1.4788935584711140336
1.4867365524176108238
1.4842187448333845623
1.4835384910064846054
1.4862630919731856238
1.4777620553568624473
1.4865379882276528178
1.47997955979337803
1.4872117950012011534
1.486796704265557878
1.4838717785094388546
1.4872982517969717264
1.4706361516396952993
1.4689257922927936306
1.4579115883049098557
1.465344875813130443
1.4760175961595365379
1.4788053864859591613
1.4882520401923784448
1.4794833684839687749
1.4875264564184647043
1.4845777384707332658
1.4841673333331328877
1.4863986612123198938
1.4777071886378081444
1.486186446392025573
1.4795869721403676067
1.4862753535559676266
1.4859316260569954693
1.4823235121046138829
1.4876660586657237673
1.4790118687204198977
1.4881562474563736487
1.4788657169479932918
1.4714142316857703463
1.4639407120186263001
1.4565094194137913064
1.4723172985058567974
1.4745813484403811344
1.488087909405109599
1.4859908007409217134
1.4849105856053057551
1.4872408670250365503
1.4781460364329319646
1.4864737477677749666
1.4796852477070245868
1.4860009022643794196
1.4853965542012304013
1.481617311451273622
1.4866789520746976905
1.4779587651355825528
1.4875440612980241895
1.48355592711273232
1.4872342172694317242
1.485326462792997404
1.4693230711239522179
1.465947596829536792
1.4542280511717393665
1.4690516465027769755
1.4770057361126163187
1.4848484891013384868
1.4882372276239976827
1.4796582333441250512
1.4873949912950195085
1.4796116132332883808
1.4865663271457947303
1.4849640648122885978
1.4824422206015839265
1.4861905065954488236
1.4772230714238077098
1.4864378125657964347
1.4810254700060028199
1.4866713482456646034
1.4870571222113539989
1.4824758567237523721
1.4882253934326996614
1.4766367610424850909
1.4771449500157984858
1.4633701048168035186
1.4612910133613894459
1.4668151608102277805
1.4692267449520102218
1.4853408228666467039
1.4802235650405748402
1.4879772113926605925
1.4857429975378551035
1.4838328668113831554
1.48674550284223983
1.47753700485770878
1.4862397674708631712
1.4804264874533998864
1.4856486391959009552
1.4858497211230599078
1.4805238338893786931
1.4867792116119460388
1.4783473811323659675
1.4876351670383485271
1.4849028533982249201
1.4862865543885561692
1.4844650110215837913
1.4671947037613364273
1.4657994136338032831
1.4554083444539287484
1.4682529320068198331
1.4771446280887943203
1.4822572080239098113
1.4881970937151720591
1.4788576183745618664
1.4874909931617139591
1.4819648474672391103
1.4859499509718432364
1.4861499505575608282
1.4797771245431050602
1.486138294953079253
1.4774987845505336281
1.4863000939330106576
1.4836980299109256975
1.4846487221459057082
1.4872481598640661105
1.4794458700615820135
1.4880899508475096127
1.4807174509326728185
1.4835247108428006868
1.472750100538434026
1.4615256975235695336
1.4629303907999116063
1.4599759229081143985
1.479114888968368291
1.4808332349046366971
1.4878107493380809956
1.4873715408957366435
1.4820965825138330274
1.4870444108797187255
1.4775818845948265334
1.4864123828407826977
1.4821281059196849128
1.4849806873868089951
1.4861002207271525322
1.4792537071080573696
1.4865534356617757794
1.4784676481567231576
1.4873172859669807622
1.4852362999418318168
1.4856585280964793583
1.4880070195271883904
1.4751393464190130089
1.4745008085383659591
1.4586475052483081072
1.4626581147993817922
1.4662379340732059063
1.4725916766071520669
1.4849022564454941175
1.479030520221854772
1.488022106731264671
1.4821497361662636649
1.4868079065166597275
1.4863852691037209297
1.4811036655391944805
1.4863444846937881039
1.4770220469742838532
1.4861386111257957054
1.4816361379851201718
1.4854002950775679892
1.4862703483840675744
1.4803882468178670706
1.4871030461181078408
1.4785592315174227451
1.48792824637750698
1.4845168968895592343
1.4855600459474658237
1.4802906085523943602
1.4637076067772625265
1.4637742002492046822
1.4550262954923738334
1.4708435037204310447
1.4772669589116986799
1.485515146482413229
1.4881685197224356898
1.4805484803458170973
1.4874845711977684459
1.4785222411763641048
1.4867285070514810741
1.4836351384943213816
1.4843207595951071198
1.4862057778837396427
1.478379948735479843
1.4863393278405681031
1.4784660390133979035
1.4869265147041943465
1.4851126565892514009
1.4852028536252106505
1.4881718068546945233
1.4795991529326926184
1.4827575559650369996
1.4654254041679593001
1.4644463314943152454
1.4616921543670997607
1.4671477667144614543
1.4801826406453386653
1.4782152891720272692
1.4882115798704376175
1.4807915486827027962
1.4874356254700984437
1.4856992409628020368
1.4830934179199886103
1.4864468014651492922
1.4772988662879811272
1.4861809196787305609
1.4797174523493339393
1.4861377688890371473
1.4856165473114089082
1.4824677487003157239
1.4872795657908426392
1.4785515266166981974
1.4880936664512489642
1.4823950317848044733
1.483840853069935406
1.4745615556568623106
1.4608828847825066077
1.4627899277478206841
1.4585189595425305242
1.4771948454797012573
1.480423312047250306
1.4874501421600427875
1.4877539425981467502
1.481434163496615497
1.4871910056387349641
1.4778430245616220873
1.4865272815471968215
1.4826589590087593251
1.4847527138706766436
1.486107460388083723
1.4788569784884941782
1.4863719830587172055
1.4783205158809096247
1.4869620261013380969
1.4850033112228544496
1.48514549160529441
1.488103931489746401
1.4793437911705638044
1.4833240519753019271
1.4673949667906924788
1.4656455802443133507
1.4616264888482390916
1.4629614730761630881
1.4760903780111931383
1.4752944887824952502
1.4881161541562022421
1.4822701170963199502
1.4873390906529948552
1.4866745704898249869
1.4817167015774259653
1.4865954998739994153
1.4771605858237535358
1.486222950492319228
1.4814055507042098725
1.4854421842234302176
1.4861283062496397633
1.4802538505749822662
1.4869575127636096568
1.4785803333503935164
1.4878152982457919506
1.4850085764286973244
1.4857940491039443032
1.4820446731945793317
1.4646563512526853401
1.4645934926858643621
1.4553450004595305245
1.4689374720679637676
1.4767498511298384756
1.4826026823822360257
1.4881755457873850901
1.4790781574289582068
1.4875709844895510514
1.4809658409159993653
1.4865031906759611502
1.485820095110440775
1.4812273801867519296
1.486163150339947947
1.4769821559824833912
1.4861449815950749098
1.4818518623571463877
1.4854238181678027786
1.4865946524785300653
1.4801787480386536799
1.4874445690839479539
1.4792865640687722362
1.4881059909002516406
1.4847085836582891716
1.4800301874917352052
1.4736539749976742542
1.4575334248515616764
1.4627779027789671318
1.4587051375189190594
1.4742679299004493032
1.4808803259704887978
1.4841102982635874241
1.4880928246705877882
1.4789892222631522145
1.4874589118868613014
1.480618267106052599
1.4865571680834079871
1.4856336227951913997
1.4817201370022701212
1.4861828721149663579
1.4769536422627709271
1.4861576332832981961
1.4808908946684056218
1.4859585802082335704
1.4863301023921735577
1.4815135803448953311
1.4875085373747367612
1.4787434929782392601
1.4881675344723817034
1.4825729343283171602
1.4796120051016004027
1.4714299140829751877
1.4577369157871373773
1.4631406397173094547
1.4596435592707024398
1.4772523205621297393
1.4818333449413074732
1.4863290001307092325
1.4880153169517740253
1.4799335797450652308
1.4872779733822625303
1.4788427786371443062
1.4866090698958061012
1.4842900700254375579
1.4833584071115808456
1.486121088632557985
1.4774711622998779603
1.4862116600243098219
1.4796582634317019256
1.4864751781792620022
1.4859921301353864465
1.4827830653896256763
1.4876907028188099957
1.4788806400400460461
1.4879940779110256699
1.4796582870629180206
1.4759380194552420562
1.4681502540836817161
1.4565397764929741697
1.4639947218730355871
1.4617617387003605245
1.4789245660656575865
1.4828482700865492916
1.4857648516393737737
1.4879612205804590985
1.4793225040979649521
1.4872874490242367074
1.4797594930274584613
1.4865423943595601486
1.4851999078141915334
1.482094944863106889
1.4861290421618065238
1.4769711547400277141
1.4861041802765839748
1.4807346677607284846
1.4858786512617854214
1.486159141977964282
1.48127360627601945
1.4872429058092251353
1.4784881825932529864
1.4879274853831816472
1.4838673994808999623
1.485461495656593911
1.4808338742958824241
1.466107506548468109
1.465657474698488727
1.454011098531452717
1.4657561611162890358
1.4697456435915086104
1.4792853670390684329
1.486571908636705075
1.4804128166788075305
1.4879071130351206875
1.4794033493475780006
1.4872401053667232418
1.4846224270033729908
1.4839728305962154309
1.4863689808787654556
1.4777306095174367329
1.4861037336867752856
1.478777756424435097
1.4861062689761581623
1.4848335634104898872
1.4828919284750270435
1.4867419404118322745
1.478101325448264447
1.4873759845996374906
1.4812469973653605848
1.4877987455179493281
1.4870495717076011033
1.4808306262077906013
1.4790117653116396923
1.4620766663455810885
1.4649389562735706249
1.4570622387425657962
1.4654984060437783455
1.4718568166524761409
1.4750990502830489959
1.4858460605596519599
1.4788137423024352302
1.487951876487983327
1.4824277244618002669
1.4868707504532210351
1.4865861576503078822
1.4813642721073989605
1.4865216636622875512
1.4770957443687393607
1.4861936186610762434
1.48119320523480269
1.4853986258562628109
1.485753584800193039
1.4803250378340209181
1.4862838790081269735
1.4772719248582859564
1.4866929952568455064
1.4824174897915014526
1.4864855484180310441
1.4873476988141902666
1.4818323147915464233
1.4880440756617616671
1.4776861078707810293
1.4821579065609711279
1.4705926059228886515
1.46687860572725981
1.4633012698621712389
1.4570783363878945238
1.4678785725725163047
1.4658990535382088183
1.481855279202520137
1.4825288348574190422
1.4869330297385801032
1.4877808721993659447
1.481011931971650597
1.4873400622394399306
1.4780562952710027957
1.4867643075141785403
1.482730241497151269
1.4850847833971840828
1.4860717290247862366
1.4792055483083572653
1.4860277182608001567
1.4771838908488916786
1.486119876901994985
1.4827702900504675654
1.4848592739855206446
1.4865071209989650924
1.4794806878680049067
1.4870392046787657137
1.4787700493521214185
1.4876274585289337438
1.485034470044098498
1.4859547038411164976
1.4869475946951808965
1.4752065920422126055
1.4771796023224652572
1.4625864127298484618
1.4654481158643335448
1.4608002561734139135
1.4615499050979110507
1.46839080365754171
1.4660784940886060213
1.4804534056237343975
1.4775455428634671762
1.4876278605105142105
1.4861574419640390943
1.4846818784967439342
1.4875394934079793074
1.4785651763958753691
1.4869857743498755553
1.4796639083165388229
1.4864478394475213463
1.4850040365574272982
1.4825246681947419347
1.4860962741877159488
1.4770483049616274229
1.4859955203160097881
1.4795941821929545767
1.4858556021602424835
1.4853247595150946836
1.4816737986064083543
1.4865161696069435493
1.4775537044837250278
1.4869913242644088314
1.4820271433551681639
1.4869388640939860124
1.4873823296900638979
1.4820663947583483377
1.4875247617783742271
1.4757843720753669459
1.4799703868924325434
1.4698022854154828565
1.4663905384980324698
1.4636825318566906162
1.4557948176913413363
1.4659118423582384594
1.4632309261040035153
1.4781453142371816512
1.4814973562837110421
1.4845564906492541013
1.4879290677990297809
1.4792814447660305177
1.4875460002923972525
1.4803458527307640225
1.4869076413104522771
1.485653054678209628
1.4823308375348602794
1.4863506120645979536
1.4770640603760512022
1.4860638467518896277
1.4805291080136555593
1.4854161355911514875
1.485564063321788808
1.4801345400095726745
1.4861126046984765026
1.4772430015394917291
1.4864397074987749647
1.4828496022023927026
1.4855325544702822071
1.4870618942156141884
1.4802385130232806887
1.4876237752785073098
1.4792779013308035019
1.4879207803403744492
1.4840730525359191461
1.4812219986997092747
1.4781059338522055668
1.4637823259459565861
1.4664967443593894814
1.455961819359998799
1.4632161148750242319
1.4650620316759841444
1.467838013526787222
1.4777773836461705059
1.4741036187459997109
1.4867769432028552501
1.4823543780849206541
1.4873030475314550358
1.4871873018203984884
1.4816267214067266877
1.4870778019990780194
1.4777906682313783904
1.4865953641103288874
1.4826146614041135763
1.4848402281282062631
1.4860492443178117128
1.4786379938085758567
1.4859601905683916812
1.4777398318511245634
1.4860162234244427282
1.4838921041408354995
1.4834888754942028299
1.4863283035910512808
1.4779055357417263394
1.4866934944498098048
1.4800949322370371419
1.4870478980841710381
1.4864131690852815382
1.4832719700600023316
1.4878451832732508819
1.4786671468840921762
1.4861010037140403028
1.4770167801032982879
1.4759501503666143662
1.4704766893583069987
1.4598573492929887152
1.4632513629852184067
1.4544121216030276855
1.4661819370725339695
1.4676730657036785033
1.4752601722367728598
1.4823242974091357382
1.4784246826287557042
1.4877881621650033139
1.4799725236898524372
1.487658564025736041
1.4856966568995488842
1.4838178619122714963
1.4869265905410600226
1.4777710963680306122
1.4864680686528686238
1.4803941266156215306
1.4857320027101650339
1.4855364426272785749
1.480369553399839333
1.4859289850954127132
1.4769726204358732957
1.485968192234935259
1.4825879748821222393
1.484428170181146811
1.4862865654202579435
1.4785492114305611722
1.4866598105873123359
1.4794975310110913824
1.4870690981483818405
1.4860893345659462739
1.4834708188337941692
1.4877435828960443587
1.4787403160585768092
1.4869233273970934306
1.4794264776381851334
1.4789400988202743292
1.4745986762670213466
1.4626147081502267611
