0
-0.39641506369446233293
-0.39718999818222755493
-0.38838128542404604104
-0.41325075447315384736
-0.37518286139770395948
-0.37829553012687711089
-0.36792485367638505522
-0.33737637365413775115
-0.38654610790733556769
-0.38884860141166655012
-0.39036713366853348361
-0.41443555908819007527
-0.37802449275376659443
-0.39145699796651456381
-0.37215566085829721032
-0.34100072389739466416
-0.37529310077691491188
-0.37730862532261255637
-0.39052664354632327104
-0.41374908024180001576
-0.37949081157928787889
-0.40097899404693748693
-0.38240163821151895718
-0.3398345482652729288
-0.3723845082345320634
-0.36238811182434460534
-0.38816460090109217163
-0.41115850111596330407
-0.37995015512179008965
-0.40738221882901370918
-0.39028878927445020963
-0.35029805414838222077
-0.37453651353565931004
-0.34753752991353792368
-0.38246933544526484638
-0.40637461583291667466
-0.37932893256756017308
-0.41134219899747392901
-0.39454896571608344402
-0.36567790401210231721
-0.37269573775296294116
-0.34335889603661939873
-0.37335172908288427607
-0.39883093127554047896
-0.37742195130363143107
-0.41327688859936984045
-0.39581207739863089046
-0.37881938749164589808
-0.38209747887167111458
-0.34136666013949934495
