0
-0.39196115732192993164
-0.48897498846054077148
-0.49345538020133972168
-0.4902957230806350708
-0.49967417120933532715
-0.49417188763618469238
-0.44360609352588653564
-0.47138084471225738525
-0.46574445068836212158
-0.5112965703010559082
-0.51319475471973419189
-0.51375430822372436523
-0.46294046938419342041
-0.51175966858863830566
-0.51455755531787872314
-0.51174911856651306152
-0.51375851035118103027
-0.51363472640514373779
-0.51453596353530883789
-0.5135250091552734375
-0.51284612715244293213
-0.51460617780685424805
-0.51159994304180145264
-0.51448972523212432861
-0.51046350598335266113
-0.50349672138690948486
-0.51161023974418640137
-0.51453664898872375488
-0.51439858973026275635
-0.51454146206378936768
-0.51421062648296356201
-0.51297183334827423096
