ERRORES APROX. EN LAS FUERZAS

FUERZAS SANDER:


1 : (   9.3141660655911035E-002 ,   4.9516165467641406E-002 ,  -8.1700756571080058E-003 )
           2 : (  -7.1086749437858601E-002 ,  -5.9363357057124824E-003 ,  -5.7670397816017654E-002 )
           3 : (  -4.1914247907694819E-005 ,  -1.4162636057710848E-004 ,  -3.0783987821514413E-004 )
           4 : (   9.3834731058017248E-003 ,   3.9903267611496778E-003 ,  -3.4548531761051091E-002 )
           5 : (  -4.5121562117477371E-004 ,   7.8762268171228859E-004 ,  -1.2586325510700806E-003 )
           6 : (   1.0897761981932399      ,  0.90776617629987433      , -0.32029828451874198      )
           7 : (  -1.0985884049923142      , -0.86111993403392462      ,  0.29616114606785732      )
           8 : (  -4.0808428954034210E-003 ,   2.8362860387371462E-003 ,   1.3118908340517782E-003 )
           9 : (  0.61127593277711667      ,  -2.7144544118628103E-002 ,  0.69449491512196837      )
          10 : (  -3.6646666460070400E-002 ,  -1.5483104831532275E-003 ,  -6.2757324972413020E-003 )
          11 : (  -1.4721424438895802E-004 ,  -9.7219614042204205E-003 ,  -7.3100176618385417E-003 )
          12 : (   4.3500738406801725E-003 ,  -2.2069056539036055E-002 ,  0.13540232810101349      )
	  13 : (   8.1788216601827598E-004 ,   2.0073056514123609E-004 ,   5.3417062428178100E-003 )
          14 : (   3.8494936848542809E-004 ,  -1.2361163306622992E-004 ,  -5.6966257303164673E-004 )
          15 : (  -4.3109504299771389E-004 ,  -4.5012504754470358E-004 ,  -4.0331044663091334E-004 )
          16 : (  -1.2183550731384749E-004 ,  -1.7767865609338846E-004 ,   1.3351132072722354E-004 )
          17 : (   5.2684227888712504E-005 ,  -2.1066171363969088E-003 ,  -9.2493478945953971E-004 )
          18 : (  -7.4039925336148621E-005 ,  -4.3537365370824511E-005 ,  -2.1884014036747959E-004 )
          19 : (  -1.1950856723520333E-002 ,  -1.3562599227017842E-003 ,  -1.4927110801457991E-002 )
          20 : (  -1.9887835047680404E-002 ,  -2.9568703760769501E-002 ,   1.9531902787335978E-002 )
          21 : (   3.1637769429381152E-002 ,   7.5965854180518322E-003 ,  -3.3486120259432588E-002 )
          22 : (  -5.4527319222707114E-002 ,   6.9109550562051498E-003 ,   8.7806580164536720E-004 )
          23 : (  -1.3612437021044387E-002 ,   1.2231505025448636E-002 ,  -2.2619608982353219E-002 )
          24 : (  -3.1791824008226326E-002 ,   2.3550746810264686E-002 ,  -1.2703247667222514E-004 )
          25 : (  -5.6005519886036574E-002 ,   5.7483725090074364E-002 ,   6.6367454135050727E-002 )
          26 : (   5.9446711895415696E-004 ,  -5.6521135098266148E-004 ,  -1.3063647467988606E-003 )
          27 : (   2.9347710141758125E-003 ,   8.2404193778392396E-003 ,  -1.5920927549964987E-003 )
          28 : (   2.8560963550835865E-004 ,  -4.6133546548791059E-003 ,  -1.9840284798572994E-003 )
          29 : (  -2.4415416049732887E-002 ,  -1.8004997649022983E-002 ,  -5.9237107857700311E-003 )
          30 : (   1.5457928538544167E-002 ,   2.2833843627252069E-002 ,  -4.1570545763240669E-003 )
          31 : (  -4.2573283533687443E-003 ,  -1.5505638415780353E-002 ,   7.7603813894321014E-003 )
          32 : (  -4.3839421630931241E-004 ,  -6.6360061720182172E-003 ,   3.8231382368894957E-003 )
          33 : (   2.8518367852005809E-002 ,  -1.2963039484141450E-002 ,   6.5900267150179360E-003 )
          34 : (   9.5899549267769912E-004 ,   6.8391684252035970E-004 ,   2.4364950519830731E-003 )
          35 : (  -3.4820148515586118E-002 ,  -1.5543491019929282E-002 ,  -1.4516960401570106E-002 )
          36 : (   5.4350068491113880E-004 ,  -2.1131304886824968E-003 ,  -3.6662792501076296E-003 )
          37 : (  -7.8043831390400386E-004 ,  -7.2366478940940639E-004 ,   3.4578080457986818E-004 )



FUERZAS MACHEAMBER:

usando una tabla con valores entre 0.3 y 15:

1: (0.093027609340756545198 , 0.050055228433084714146 , -0.0075780883677196249001)
2: (-0.06990628450806991856 , -0.0066451461003201525712 , -0.058469390792449081606)
3: (0.00071957394314663700521 , -0.0014199378249194268432 , -0.0033458331332420032482)
4: (0.0080756477403119541342 , 0.0034574261140055168214 , -0.035832091722482875551)
5: (-0.0020092798361826739832 , 0.0021970769133963004988 , -0.0038702497091830786666)
6: (1.0894077964059172281 , 0.90529359554724131431 , -0.32209076225681559924)
7: (-1.0986545848339250853 , -0.86337486280726793986 , 0.29426858978177294901)
8: (-0.0055452544424630049319 , 0.0032330498628979757215 , -0.0014728143942194318623)
9: (0.60877195769654257607 , -0.027295432020108326143 , 0.69389228374840028479)
10: (-0.038887707604823067153 , -0.0026553570502968258486 , -0.0078494031198358751866)
11: (-0.00056349960712814676795 , -0.0083595017491192649683 , -0.010346735684182106069)
12: (0.0034828309544108326107 , -0.024143900535350409225 , 0.13512212023678860096)
13: (-1.0386061919616005559e-05 , 3.8498311670559338753e-05 , 0.0027750792570607018921)
14: (0.00024902088367801327546 , -0.00036616996878934243275 , -0.0041217504920399734153)
15: (-0.0035987793974277216755 , -0.0018481468381223592218 , -0.0010169760640873150466)
16: (-0.0018700173037241554948 , -0.0034576624979934314497 , 8.768999749529420224e-06)


