0.093142048342380462378
0.049515973352424740017
-0.0081710754949023394617
-0.071085619530056029514
-0.0059361437139037647251
-0.057669475256799988816
-4.1915038255551268246e-05
-0.00014162688995664299589
-0.00030784167276684510457
0.009383667316186328905
0.003990251824994016025
-0.034548825255928478084
-0.00045120965413802802861
0.00078762851827964062805
-0.001258642701888307595
1.0899605927171849284
0.90791169322014242393
-0.32034842810306979333
-1.0987728566510175376
-0.86126516347846548971
0.29621114787252611489
-0.0040808628418401004384
0.0028363058050408472555
0.0013119124239875808689
0.61137817331309463054
-0.027141543835158866288
0.69461439114985479293
-0.036646950032357801519
-0.0015483241311649751596
-0.0062757805240324093798
-0.0001471954717111707779
-0.00972210354932348704
-0.0073100873160869160247
0.0043434710814345524679
-0.02206962444472828147
0.13543632967036939307
0.00081788830598911535247
0.00020071194144059272967
0.0053417583343111987859
0.00038495074221618397247
-0.00012361278308499506389
-0.00056966389284268616113
-0.00043109585126406254132
-0.00045012516593814522756
-0.00040331088939509623925
-0.00012183485042891557468
-0.00017767893821500524063
0.00013351373369627496618
5.2687460270702938289e-05
-0.0021065977346846134766
-0.00092496823300828624748
-7.4040490224070541346e-05
-4.3537635059783026822e-05
-0.00021884245152127671007
-0.01195103096403281849
-0.0013562900541513650456
-0.014927144051329745839
-0.01988769963431197621
-0.029568255689140350573
0.019530770944101473463
0.031631746495289360388
0.0076014102553591551131
-0.033491607615024628075
-0.054521183530470418432
0.0069099585772980772966
0.00087918240827596018556
-0.01361977571306662721
0.012232674435462706497
-0.022613000779614179925
-0.031791996229323077339
0.023550886355857086896
-0.00012703420415573974853
-0.056010357941403861315
0.057500846870836494484
0.066360499684828863631
0.00059447102524613955072
-0.00056521645285562572419
-0.0013063746183237141818
0.0029347687015174872549
0.0082404666930793058627
-0.0015920981894347726801
0.00028562435095747743669
-0.0046133848509308681904
-0.0019840342650573909375
-0.024415603174749982845
-0.018005093259775766662
-0.0059235183880543525528
0.015458148544528080293
0.022834109903947703152
-0.0041571230172946331549
-0.0042573500470114225558
-0.015505733064375030322
0.007760440933047326427
-0.00043825661628816995133
-0.0066360308707550932569
0.003823136855669245944
0.028514212893820320427
-0.012962880507194313867
0.0065896118539538776557
0.00095899882779856870148
0.00068392170384648140989
0.002436528105690821417
-0.03482000983141717021
-0.015543472577574032889
-0.014516915381431329257
0.0005435110852708796526
-0.0021131476851742846124
-0.003666341421739766418
-0.00078043673617292515753
-0.00072366336561643061775
0.0003457801552469405874
0.044869426799852479837
0.015212382366143143569
-0.045453165126363347104
-0.0041487118347624087414
-0.0096350783074439193265
0.011443889930593831653
-0.0011867832974658042242
0.028225902851368854518
0.04805959532355605357
-0.0038396153905642781828
0.00024675402361768036461
0.00033642304092486329838
0.011412625246773762042
0.0045173014043505361689
0.081082177132401220265
-0.0011900215759896490796
-0.0024093054342206399535
-0.00023657636491399816787
-0.056363324151415705732
-0.027569479297855005451
0.0046192705419420831969
-0.036337011850115112643
0.0055709948573602003155
-0.0052587242772278858238
-0.013372953016720492969
-0.0019192283448070713864
-0.00014114846427237294491
-0.060296426889479934341
-0.027375146930681250323
-0.018487300335280832525
-0.0075000708761758880933
-0.0099459194547174990114
0.0088027541139000763104
-0.00070300721202690803421
-0.0039831276184906557608
0.0013614513286889667366
0.03069940720754512492
0.007468860907039165907
-0.071890479295395520731
-0.0053216067310166981219
-0.0081051422091106013063
0.0039510153689119604375
-0.00010637782112102522013
-0.0089681230837163929126
-0.0020589691153148665
-0.0011858928613758298442
-0.0037698857196758039229
-0.0052943324333298152906
0.0041234005044565470027
-0.0026260304669671772834
-0.0026837968781783091629
-0.018014377242972522131
-0.020318759312408486706
0.014924317342217992971
-0.054334915054266734458
0.01485617268193521745
-0.041743049387114344873
-0.071910187587839055623
-0.0076555895497261673352
-0.020528913371582559189
-0.043414376939397411603
0.018064376914637924471
-0.017188497023356015536
0.055209450990382373525
-0.0069424777833224241355
0.045678050422693322608
0.0015307996073630270647
-0.0030521854673344578184
0.0086960837715923926944
6.335434507608604974e-05
-0.0021962563979099516791
0.0013595523785766190378
0.014927030150838477979
-0.027506233580593290183
0.0075608059927822109103
-0.02207917374562639104
-0.018186189062219432905
0.018086027917920716179
0.0045572431183152611184
-0.077959804530725665406
0.080085414112596217673
-0.075282361218150739557
-0.010645790061959240283
-0.017785999453202572945
0.020581103135303254609
0.006682297932535283605
-0.022906970688438166306
-1.0552154400885206315e-05
2.292713364678812066e-05
-4.1174952725998634055e-06
-0.028290854352134638117
-0.012242948053923778662
0.02039710335470496308
-0.00087488790576684854258
0.00018559322760332280918
-0.00038598544629466689749
0.032072214894425396525
0.093490585087059263625
-0.0268870513566307201
-0.058564170683380295523
-0.010674000686625670711
-0.040506960775487613202
0.019641124246071516718
0.0067266556096995232944
-0.0094358259543065193392
-0.010466969011555303168
-0.053100208592956464615
0.0051967056930254280911
0.012126169625064320626
0.00799419067774561308
0.0087899462522266855885
-0.0097094471976586146922
0.0069842834304514383667
-0.020789617560012983721
-0.0021375766480296134499
-0.0011036109285061271139
-0.0013213303123549790218
-1.2047133775198488603
-0.17433672337462174928
0.22579398462705280171
-0.0068473631188434832054
-0.00074554921770552231089
-0.00088081669234393433071
-0.064857586498921510065
-0.065109706472498224405
0.086278638315089639654
-0.00034530619862458669829
0.012939131882567799642
0.0060854664889030633118
0.012905565096418139884
0.006713629998646803744
0.021631206771835387315
0.00077392366526969505556
-0.0019278820078935270978
-0.0082603036536206420754
-0.0061059537860454291686
0.019311553120839927006
0.014306952526122046487
0.027146318671073772083
0.0012014748412770912944
0.000611703784460165996
-0.00057749795861741738331
0.0028208581715328672097
-0.001980132393943565168
0.0017290796126160192306
-0.0012131413348684574448
0.0032883339616754632753
-0.020421204054617152907
-0.00179931564655659397
0.0067941775919387985272
-0.069867418581622195428
0.014920242983587229252
-0.06079209764385391096
0.0070435872238946133778
0.0067523573090720436299
0.0017503532561940577869
-0.0047666289602938671788
0.0088430445761694953521
-2.9641068360927297207e-05
0.0011777373298617222364
0.0029543528547296095052
-0.0029414781622536349814
-0.012638347911946368543
0.0014698569765378888177
-0.010726437512608320499
-0.016863638132214267551
0.052416270343549349608
0.028366264150794236881
-0.56110063382083608108
-0.04382050459892072175
-0.764120883567333542
-0.053113366847822189587
0.0095171995883602707178
-0.014915780927591413413
-0.043186275840936191872
0.03124411499983694579
0.013990626480384108291
-0.013028051128534025999
0.020995828857243215015
-0.036796187585327121139
-0.0020733741369587830802
0.0035981054229282938284
-0.00056403817645065453933
-0.0041681589208347556014
-0.053913928482146634968
0.037211467465349888639
0.0012184580877680247901
-0.0022016908236442240751
0.00084537683568330522152
0.066936786298725681199
-0.034427953108701732365
-0.012619051842061987032
-0.052492807172658965953
0.019222692149821297286
0.021351067924991102426
0.029613916312844164314
-0.021602321056416781686
-0.016890658868846896573
4.5863157666735120718e-05
0.00025149870702619801484
0.0004090133380655983108
0.045904382192609859137
0.057059707353710256705
-0.0064475899566344922059
-0.0065192704180994957494
-0.013547793382828637529
0.028030969377538291626
0.0051644857588895648134
0.0022225755378611033834
-0.00080457012421219337682
-0.015241545619519642624
0.026381135710518921478
-0.015136956046892880226
-0.001773812174103979759
0.00046555559822961719435
-0.0011910193651639066834
-0.016179763362319476289
0.039501794874500097132
-0.044729969111099922296
1.2722263028475131463
0.17914112354281602757
-0.028029607488900279422
-0.0032203286072729105094
-0.0042960831692224537778
0.0023808220679246991716
0.0086079618242619095059
0.05212169300691702617
-0.0046587361215609784243
0.034375610657350064159
-0.004172869871544177163
0.0060329410398319884001
-0.031036291474561723824
-0.0086611029235946664084
0.043163250963856626685
0.011880682362367073895
0.015850093535151325158
-0.0085783016612408953538
-0.021945382604628131673
-0.011965522650725056442
-0.00082045587259997674982
0.064222762902122462747
0.066096346165050418042
-0.087021582617741302657
-0.031810530439887491072
-0.072009505680546176398
-0.21582284020289199677
-0.0068133467823691890378
-0.0032260148789082462341
-0.0054100276185754993946
-0.010531806985832784657
-0.011751236425187973345
0.018243526652516876829
0.027096915563711812536
-0.045887924052026830835
0.044302054398526496959
-0.00661637262180763807
0.0023213515603193119255
0.011284645096211950999
-0.00057525797734534552148
-0.00038662937170066101478
0.00347647423068827904
0.0092782822493219195559
0.012553857501715167538
-0.019843920962674614639
-0.0059987669939827181764
-0.003175306672048574478
-0.0056814955009599904523
0.014762132452281776993
-0.007419899493315406519
0.018263059980785062431
-0.0080351805817824237255
0.0019365331238152181086
0.00109988446424508419
0.00017866692583799368647
-0.00017905943870822853942
-0.00035826400435778969333
0.035798590161835855405
-0.049246407428183890109
-0.0062957332914027035881
-0.061450483639405306668
-0.0046886977582205014922
0.0039754509174081175196
0.033168539870069985165
-0.023257472349823005153
0.031140385522518174155
0.00022855412112818593957
-0.0003190444916271222486
-0.00031908928537698028711
0.0028515328125898503804
0.0019471226062986897714
-0.0012141807890008486301
0.05618142689751028096
-0.01528676088654053189
0.014570279389919395599
5.9494352233948703801e-06
-9.5733421719404057046e-06
-1.597082347987852964e-05
2.8390711188834336196e-05
-0.002026512664309461885
0.00038934974039798157406
0.02140590616559612594
-0.023361214068804439514
0.005829171293550744655
0.027316050439917409498
-0.051706419582332942275
-0.04250906435281149448
0.034976652967484561652
0.00076616766816282996701
0.017821013480174823645
-0.07106656064334733458
-0.0049514242254167376359
0.043354155062662935727
0.035640701304926296344
-0.0031764219981312465102
0.064183423786388915655
-0.049067471224296936583
-0.009079294326245448965
-0.029607858893537456618
0.0048566412435619953081
-0.029238054723553511677
-0.012884345361014213488
0.0052005852269228474566
-0.014788792741134572373
-0.021806830508683226755
-0.0062467666339472774362
-0.0088711230289597927529
0.040163027538067948286
-0.045170801838560203922
-0.025315891529788275838
-0.016880774271657950775
5.3882240207701863767e-05
-3.5280897455426903141e-05
-0.00089956791919449871631
0.0062623177043882134393
0.042316285328648284292
-0.062742285288701862833
0.14245613222386369068
0.020229765219967849738
-0.32395707405032553305
0.27800384189883076136
0.19832377814986737463
-0.07969964739055003522
0.0019815235354102450106
-0.0011256335106303993077
0.00059313924625320208883
0.0021494908670875180999
-0.0059635820211600297155
-0.011473683406933988388
0.0047914591269561318879
-0.0048111972561940092794
0.0021498043651870710723
0.019085265536768834804
-0.002418423201935415278
0.016506369092012310867
-0.0015004271024031247492
4.8127932046350860545e-05
-0.0017408537105620138473
-0.024376791268355735287
0.054477783718131590762
0.032978145302313272014
0.00047576224481191706564
-0.00065251829154250600047
0.00013345256645136291613
0.010643586994081816882
-0.0017927634117022742209
0.018596264765556504844
0.011603609442803954066
-0.0043312915865156573561
0.0061832095287215156285
0.09071576297840687475
-0.060724963994619546304
-0.00099266670803564065542
-0.53210863431009014501
0.18288945283777474637
0.10354499605341135893
0.11165497156674435153
-1.0175910953163063155
-0.27265827120556312968
0.008011043364962456767
0.031013458145826875573
-0.007901035279593047328
-0.0014202428661106744449
-0.0020044614095628167372
0.00017248146900018801464
-0.0013207474713532224488
-0.00081372124662270435211
-0.0062432444235708929939
-0.001269233744065099501
0.00086080817110841445407
7.2117960147106922723e-05
-0.010384056436430142908
-0.003115374344222991438
-0.00042801339252257914738
0.001317657490659436114
-0.0018191106916637372198
0.00052263144461823498807
-0.0008926067173662210032
-0.00095271722787570263438
0.0018261132119594843375
0.27151756131856646936
0.11687808096422046267
-0.20473645720725644481
0.066995979288555468356
-0.041099312406389039432
-0.048360405271706603803
0.0017925330334580564379
-0.031959899809934654014
0.0083664664280688003789
0.53297045483347904593
-0.18476701755865687637
-0.10305975310391460309
-0.019128963256242359492
-0.025872558525884159497
-0.039216589431223185247
0.024757039793377913495
-0.0010205448573408972424
0.029079075870530164682
-0.02445178140788665036
0.018579609426303891895
0.0054548449455961139226
0.029905782584573051969
-0.050465454618182740976
0.038682919494831546903
0.026694182541452463053
0.0088347909498366974934
0.021224984187789303763
0.00019852711063198045637
0.00050858870257705819391
0.00091310549537559730637
-0.010884020366978813116
0.0087380462122929845881
0.013791973666073962385
-0.019680512252997477834
-0.022716578904939634803
0.010572215516490027221
0.028468063933781633662
0.007972083036753922422
-0.0057759742093535645577
-0.1133947882227024917
-0.088244482596206055836
0.35535826116065927227
0.041077525884503099385
0.022415984212933417336
-0.043654888360912226519
0.23283814989726134281
-0.053698214975179750508
-0.053523937229669693583
0.0091626059116115248643
-0.017142362648308526185
-0.00093119128715173343086
-0.01572581316741913926
0.025202958822545661055
0.012483955844662199264
-0.001274563951340954189
0.0012633327414902683142
0.0047161281669617438964
0.00016623738125420256637
0.08445057484932966263
-0.0043010522236669014931
0.0087955417600728939831
0.0031059223284497015742
5.3914431946894253835e-05
-0.0019510197527089195163
0.04534466905704524764
-0.049486183486973971124
-0.0091710548141588372345
-0.013779346453010923521
-0.23983369913320223832
0.02956003686041326628
0.029543163597175424451
0.068703249963365964348
0.0011681095131690446588
-0.0027781406200551432041
-0.0030839315076535219091
0.012328677771162395785
0.0022343691033865848219
-0.0072088398377056304295
-0.024984284269953142138
0.042958763075227883454
0.0096777429230148395017
-0.0037630662661543908681
0.055066923706760320667
-0.056894879646502138915
-0.12768754005259602691
0.097985936328469178114
0.080739165924971961763
0.010619278634056705801
-0.21108469409098823411
0.1549485356115834489
0.017950586760405978781
0.020457216921709195367
0.22758930480141809083
-0.27345344185616449195
-0.23208203940828323053
0.083823746315242975147
-0.029435099706794844165
-0.019387696512454481029
-0.034956705405149508803
0.00030904338138660497094
0.0018698278732207894177
0.00091414217114042556518
0.0015181464838211040057
0.00056246976689956762474
-0.0013704734046630427484
-0.026027268051756761308
0.044237429530993632731
0.035483871645079767543
0.081091213629911826355
0.15585770935203069332
-0.092083031067244622281
-0.00012866122640727391735
0.0017160633799402540481
0.0003260121722168863494
-0.005215066800645184672
0.017863819913187063693
-0.0089838648713157533143
0.000145924474258348841
0.0001526429678594575976
-4.0530223209546027219e-05
-0.05351546945697441271
0.0040879135012970094221
-0.022943689596642481698
0.019801928553016573398
-0.0074056273011707572998
-0.022556751980195990231
0.014226584019125243508
-0.017650292971188745461
-0.0044774693984457759194
0.039373772443771666574
0.012174490487074973721
0.015622633881609105516
-0.023697252229766450904
0.008507795075114973557
0.021265003878967719125
0.016005416398955151641
-0.002325642400955217539
0.0049658350636467502373
-0.039363307203670275247
0.033402492980725936866
0.017356768092593913289
0.0014739883093740314621
-0.00032964762444470880123
0.0024410551899541649452
0.013961145804717148278
-0.0058592296044483495321
0.0063333571834807353418
-0.02318246746524352947
0.031491051446355028398
0.0036977554365979718037
-0.028406872992304172537
0.027904569687370948949
0.053057462007503129742
-0.0070353240939085371145
0.064045595204211214213
-0.0083448103986208995581
0.00091971214314878443116
0.0050932370431580227532
0.0053636010139753234616
0.018160219972429125085
-0.034421264040899471337
-0.031738147656744118696
-0.008438243487684942562
-0.0059996355809192507616
0.0036448263371735571854
0.018923527813685281362
0.023438770930239577472
-0.039339841619398907557
-0.10756205684960110092
1.0112490164587260022
0.28207665260183112377
0.040165731625449195563
-0.036331179405735415655
0.039146129328027183536
-0.057946246339207758969
-0.022310844802624244659
-0.051867682697843711659
0.00011739975366396082136
-1.3728650999237521771e-05
9.832645102552707312e-05
0.066369154694842460995
-0.011147102139774118373
-0.015498277525928354226
0.016007393495275919204
0.0354950241438853481
-0.018698823525478171226
0.028718408053770794197
-0.047160013335847440763
-0.0096227942762959969847
-0.0010587032766746762562
0.013645538344021138424
0.0012969620873199826528
-0.00055930570002213787079
0.00059277609359482973973
-0.0020066022464502604981
0.0010771524855112809757
0.062984498500437927082
-0.016301381319643475087
-0.090247049664049963646
0.024863260506837625563
-0.096505023669212250392
-0.0056444764831180150449
-0.0059452630779069206082
-0.011579961004350726103
0.00022672581178125768829
0.00011707621646807081939
0.0010546917631761416022
-0.0021746690433233190586
0.0072378721105237223479
-0.0026397369672200234232
-0.2105802642763510979
-0.12827803581492802643
0.23144813984249357208
0.069584034192499574778
-0.02613627820768243612
0.028571712163004289731
