
paso 2000 analitic: LA SUMA TOTAL DE FUERZAS ES: 0.5216952186690844151








ANALITIC

(0.013841739800034180002 , 0.0022362537358426000725 , -0.0016346620853732024819)        
(0.0047365712845051479232 , -0.0036195164985589633501 , -0.001038224745205205404)
(0.034773189182420005672 , 0.036754202084807230388 , -0.046107540251949304111) 
(0.00067420048041930526542 , 0.00081095966681081932837 , 0.0019188507183404222411)      
(0.0066332613511594354025 , -0.014602309400836141137 , -0.023024405772702993128)        
(0.036596716588442761153 , 0.045336906604174338764 , 0.068048964889608834494)   
(-0.0002457483850759713327 , 0.00071484928697550698291 , -6.8589548725446364296e-05)    
