0.093141746320955731697
0.04951634846715284588
-0.0081700867535269630637
-0.071086649065623910837
-0.0059363211188489840853
-0.057670296240974125435
-4.1914289259452699749e-05
-0.00014162629499264749915
-0.00030783983248294056545
0.0093835269284702517434
0.0039902603699298287709
-0.034548508498811129896
-0.00045121535893631657763
0.00078762201279416500788
-0.0012586312864284209846
1.089793876601964806
0.90778020931540037708
-0.32030311967752705948
-1.098606111431511545
-0.8611338733664997136
0.29616594329578549427
-0.0040808351807008402465
0.0028362789370349520378
0.0013118849489098082916
0.61127965113437832123
-0.02714445217287341644
0.69449926714577880915
-0.036646646185923538452
-0.0015483110953721081291
-0.0062757300964134945728
-0.00014721758761791133041
-0.0097219719128344480458
-0.0073100275793611096259
0.0043496457887803648829
-0.022069034432344654395
0.13540415996256888187
0.00081788689746395968391
0.00020072869890504191999
0.0053417206028097382123
0.00038494955678255651918
-0.00012361170348086089133
-0.00056966263017053421231
-0.00043109513985831692234
-0.00045012470583960311702
-0.00040331046652185818541
-0.00012183539326806115709
-0.00017767852713174430313
0.00013351161342260947727
5.2683956380881299313e-05
-0.0021066175914088184837
-0.00092493588879183688805
-7.4039964851345385893e-05
-4.3537360846100877124e-05
-0.0002188403620874282223
-0.011950904622097798663
-0.0013562224732780682381
-0.014927089881828562584
-0.019887823571815364809
-0.029568672386312253725
0.019531895484159126491
0.031637455663508333437
0.0075968389783493154785
-0.03348640932007999893
-0.054527259234398842147
0.0069109493308891151511
0.0008780619321006921706
-0.01361240971865179325
0.012231362020087356221
-0.022619271217584925593
-0.031791775895220218684
0.023550717009848756017
-0.00012707269853763075306
-0.056005306766594348256
0.057483298988321558654
0.066367502219620067017
0.00059446682326480765422
-0.00056521086322906832246
-0.0013063639011087794465
0.0029347551608324487504
0.0082403995484063713439
-0.0015920827077295675311
0.0002856104639354807421
-0.0046133557790258555159
-0.0019840168355313133122
-0.024415403208860025214
-0.018004975730459626265
-0.0059238140942640968648
0.015457933607167250595
0.022833846548271748839
-0.0041570591396138563411
-0.004257332558315984547
-0.015505647173507261516
0.0077604061779536805121
-0.00043840679558762265427
-0.0066360133493540167035
0.0038231453295357554698
0.028518310155215151336
-0.012963124164790579967
0.0065900977398824413939
0.00095899523836013168387
0.00068391710565905315319
0.0024364946009412082398
-0.034820038169679073947
-0.015543466927753902054
-0.01451692299049943749
0.00054350599103268290059
-0.0021131346667308563078
-0.0036662925978327908991
-0.00078043807764178985912
-0.00072366453886876466219
0.00034578056621190186772
0.044869184960809813112
0.015212259194663887985
-0.045452943877838651587
-0.0041486582798402988834
-0.0096349796988705414119
0.011443796582056514968
-0.0011867594108926917372
0.028225943169315977771
0.048060214663083307418
-0.0038396029292099035854
0.00024674949280909473908
0.00033642320287597548721
0.01141276074622656414
0.004516410913211957659
0.081083210697107374609
-0.0011900181785955774982
-0.002409291881497821388
-0.00023657785031472877983
-0.056362924647826190272
-0.027569340745634964701
0.004619264649191956798
-0.036345413311382843147
0.0055722581642415969574
-0.00526004411208752954
-0.013378587413986885515
-0.0019172990555413427054
-0.00013710286213459052756
-0.060274817951421699735
-0.027369268525786052265
-0.01847576627012213063
-0.0075000049377241494175
-0.0099458377992046702321
0.0088026951871137265604
-0.00070298528261978558522
-0.0039831194919814566849
0.0013614636225256647375
0.03069662110619100423
0.0074604993169213656631
-0.071878272783885435726
-0.0053215739804798314547
-0.0081050905978717873585
0.0039509915970596881998
-0.00010637708710136942636
-0.0089680430006132474952
-0.0020590128727740854633
-0.0011859096977244623725
-0.0037698430765533389071
-0.0052943114799066694209
0.0041233866311481881181
-0.002626022172436843008
-0.002683787500645518076
-0.018014219791167053464
-0.020318572969873067297
0.014924223295021660229
-0.054336539617220173948
0.01485682624225764456
-0.041743556682010851677
-0.071910611907361851602
-0.0076552158130947442483
-0.020529467354474400381
-0.043414046914297080293
0.018064415899706320195
-0.017188422691222907113
0.055187918656116698168
-0.0069480862310167586932
0.045666265561963854946
0.0015307942338025817136
-0.0030521675010529692416
0.008696061894600044806
6.3353145809926376649e-05
-0.0021962544469852412696
0.0013595363948107565179
0.014926842175326013318
-0.027506024379190235213
0.0075607415155491512759
-0.022085925280114316466
-0.01819136153522932578
0.018089833163869913774
0.0045581948276741598991
-0.077959631951768609825
0.080085528429138325146
-0.07528607882138076135
-0.010645409762707619059
-0.017786407647787501329
0.020581087892792736954
0.0066823104802455658702
-0.022906942386086499158
-1.0552021215764071496e-05
2.2927011714456013708e-05
-4.1174945772165364417e-06
-0.028290768443573255375
-0.01224291473993504957
0.020397078205995251149
-0.00087488486056472270728
0.0001855922465983566921
-0.00038598372551754042128
0.03207209962159564276
0.093490920342931466136
-0.026886942091647606651
-0.05856706114342338787
-0.010679603260778174414
-0.040511699394959833909
0.019640901991657994108
0.0067265927634899630796
-0.0094357358592435450206
-0.010463183423452633233
-0.053078204087297027602
0.0051947032158809912025
0.012126115188222943986
0.007994163116059049834
0.0087899157586361648803
-0.0097093336269668054084
0.0069842551601713197609
-0.020789371792645238574
-0.0021375731253740512354
-0.0011036069093986742348
-0.0013213239585960132299
-1.2045263449331471417
-0.17431555160711714736
0.22575191162699201342
-0.0068473347536656412396
-0.0007455479478411211787
-0.00088081391442432330121
-0.064840827048195992521
-0.065092671036210913993
0.086256106578229241322
-0.0003453180654814142392
0.012939104785013635576
0.0060854189377057841051
0.012905435589953329067
0.0067136300432993969989
0.02163094867974046584
0.00077390583500687904102
-0.0019278564125141033157
-0.0082602360812779364319
-0.0061059097523694727885
0.019311368544949681497
0.014306798729487183244
0.027133171713023158944
0.0012078181555011896584
0.00061192187540110140522
-0.00057750010438434448094
0.0028208228734182471883
-0.0019801077421549469204
0.0017290572714947325013
-0.001213132324254215938
0.0032883085592743609669
-0.020420962980927000185
-0.001799274581950509929
0.0067941095357706470306
-0.069874173599731345674
0.014913540785554322415
-0.060796445921235189869
0.0070435323054215664279
0.0067523014770061121764
0.0017503423763863532915
-0.0047665638509620782831
0.0088429226477880259333
-2.9651862818262628737e-05
0.0011777209127284608923
0.0029543141696364294546
-0.0029414367401858054069
-0.012638157146003550085
0.0014698264851872604089
-0.010726292406377273964
-0.016860637372529730521
0.052421724122079529917
0.028371047357055912547
-0.56100110751679421739
-0.043817762818512087653
-0.76400664521056493861
-0.053113136490775328391
0.009517024127547004872
-0.014915710395876670413
-0.043187372604515814056
0.03124595504363205864
0.013989459899089170397
-0.013027596437701594381
0.020999108605548273687
-0.036802964738280326273
-0.0020733796217281591674
0.0035981133449314748815
-0.00056403946718491175354
-0.0041697334182280477999
-0.053918468120480997352
0.03721108866122185832
0.0012184415198946705119
-0.0022016689452378575449
0.00084536256129429489855
0.066936703162399427414
-0.034427847393738379711
-0.012618981090360971778
-0.052493307642438605254
0.019222615591794691564
0.021351150641325152002
0.029613674154130072841
-0.02160218898087658615
-0.016890476748927733819
4.5863470080286489032e-05
0.00025149781560290177928
0.00040901230913435558537
0.045903674661350153674
0.057064959500668380188
-0.0064482021487471431753
-0.0065196008242363930746
-0.01355115910262313754
0.028037789996573640044
0.0051644526911364674326
0.0022225638476846077199
-0.00080456607108036906975
-0.015241432889120141297
0.026380968189216071063
-0.015136799018110031964
-0.0017738108843845931326
0.00046555903407601972183
-0.0011910136287939404078
-0.016179892957390525771
0.039502364249463205181
-0.044731171757536332401
1.2720318747483214672
0.17910920812231118093
-0.028017427342113102734
-0.0032202918012662596313
-0.0042960791547202101248
0.0023808149296487514032
0.0086041977486436115735
0.052099704043938308007
-0.0046567419409547609888
0.034384022905132177739
-0.0041741398306900552584
0.0060342529907837089143
-0.031042147920858641913
-0.008644346129146315838
0.043156937082797400262
0.011880592465023350271
0.015849971055321238067
-0.0085781802745651895142
-0.021945284050277912707
-0.011965447793071024365
-0.00082044237988426467305
0.064206002032044393046
0.06607930844435247475
-0.08699904963937198088
-0.031804445855867814752
-0.072002637441387767891
-0.21578757844644172459
-0.0068133156418343603089
-0.0032259913755666733484
-0.0054100000441400326531
-0.010531718727701597574
-0.011751135450659226309
0.018243374466891351671
0.027098014267963710378
-0.045893260490220029457
0.044302178532904412656
-0.0066163314061803354948
0.0023213360087878547912
0.011284571423952269309
-0.00057526744730052124105
-0.00038663181927534457901
0.003476475789474503704
0.0092805356120952593735
0.012561185728253940544
-0.019849809975823758113
-0.0059987130015093908381
-0.0031752639384464080401
-0.0056814480136328062224
0.014762162718039746265
-0.0074198139842753573284
0.018262818267043682413
-0.0080374652882139324683
0.001929206626515016015
0.0011059353780061580066
0.00017866603563384579547
-0.00017905951681146774755
-0.0003582629931424704769
0.035798539760427114387
-0.049246567992419700011
-0.0062963357769336642314
-0.061451269268975858284
-0.0046886850953992255733
0.0039754327416903576659
0.03316946697025812546
-0.023257319187678624633
0.03114034216385903539
0.0002285524753178091496
-0.00031904146244775006668
-0.0003190860213742180429
0.0028515305529117568675
0.0019471205481352321827
-0.001214182409064864512
0.056181645254637431475
-0.015286616950099217449
0.014570340203978359578
5.9494128791890518008e-06
-9.5733019843705048028e-06
-1.5970736287214203048e-05
2.8392854855944290872e-05
-0.0020265006810683099114
0.00038933890251219998874
0.021411287076006948332
-0.02336091588346338524
0.005831591981294697094
0.027315975064207079909
-0.051706279127863838396
-0.042509551817073013003
0.034976540807049011361
0.00076576668628631919603
0.017821495455167857963
-0.071070796284692580591
-0.0049578195775871591183
0.043351147728554716154
0.035646825277543411903
-0.0031773592755520874836
0.064184925914626989041
-0.049073484779431783553
-0.0090799867130715028463
-0.029609254500971592117
0.004856738120326511976
-0.02923824163869753745
-0.012884254274363829765
0.0052005002750472317796
-0.014788594354823599714
-0.021806689010998969724
-0.0062467173927200957476
-0.0088710241232637949277
0.040163017921219165696
-0.045171039578998324615
-0.025315906113433567226
-0.01688084242484090905
5.3881064498651809241e-05
-3.5281022421630392157e-05
-0.00089956563253759300701
0.0062630233862343391571
0.042319862716505042555
-0.062747840147610672856
0.14242246361261831633
0.020234438376634557299
-0.32390667323509508835
0.27796061477696026865
0.19828467147071140997
-0.0796811221070166803
0.0019815069771855825173
-0.0011256213661606138086
0.00059313508611478008015
0.0021474478011780711792
-0.005967618448386207558
-0.01148469241118693987
0.0047914355745368513925
-0.0048111780397393768757
0.0021497909384787096225
0.019092861495203894417
-0.0024162368930613470873
0.016513275351094335031
-0.0015004064004982733526
4.8132349642384739531e-05
-0.0017408223209449073116
-0.024379975406442794261
0.054485603194331259924
0.032989547168053856563
0.00047575828377303854954
-0.00065251292057471536445
0.00013345084732716100905
0.010643485642129050725
-0.0017927491716913336248
0.018596144840035289808
0.011603548665811773757
-0.0043312599619523307892
0.006183133151026430456
0.090715688821145834542
-0.060724737390623020894
-0.00099297300895584048562
-0.53201969114674363404
0.1828588230932931824
0.10352768894355662832
0.11163802610441390939
-1.0174339376744450103
-0.27261534520328545295
0.0080110059610697895854
0.03101317128524381031
-0.0079011050483431717606
-0.0014202506827783822983
-0.0020044623781615396665
0.00017248694199810098442
-0.001320742129864757369
-0.0008137112595930668258
-0.0062432172776951851134
-0.0012692258234830555274
0.00086079644062660447441
7.2126446448253712018e-05
-0.010384032535979456635
-0.0031153426770289317262
-0.00042798722509700994066
0.001317654885649576597
-0.001819108212041263507
0.0005226308246667807746
-0.00089260759922343379906
-0.00095270627363151175887
0.0018261092187747184155
0.27147416709185456796
0.11685355190159391059
-0.20469801158019798604
0.066993796778328187913
-0.041092164348068047075
-0.048340718195727494511
0.0017914155350003556268
-0.031948881404470448608
0.0083408608963451962709
0.53288150314966853394
-0.18473637467989936778
-0.10304245283441686165
-0.019124403581249761752
-0.025891361559884917831
-0.039202382764391426051
0.024756787416359719856
-0.0010205312474222971459
0.02907878703729289277
-0.024445321837538960819
0.018584726761162167347
0.005451105368989755777
0.02990670313099944716
-0.05046710942215298229
0.0386838732810798544
0.026694036859444440074
0.0088346665866112922272
0.021224824959755434622
0.00019852639374735341006
0.00050858228670840434967
0.00091310615536060535727
-0.010883937721704328022
0.0087379562806992154556
0.013791886358688540404
-0.019680367447718546958
-0.022716384584385917317
0.010572191307924144396
0.028467879271698384031
0.0079720550778246395546
-0.0057759777769889539267
-0.11336689795455776042
-0.088234704078691800211
0.35530030653164373922
0.041078178338938779735
0.022416459592382472626
-0.043655656402703489627
0.2327898314603130403
-0.053686104041019061528
-0.053522776444680980612
0.0091625344858513452229
-0.017142219323973161005
-0.0009311947850421859775
-0.015725726544225385878
0.025202807345436856884
0.01248390151057163916
-0.0012745476794091485217
0.0012633617517354566069
0.0047160835312053802845
0.00017162328188434616675
0.084458187456184163899
-0.0042975627108493485648
0.0087954842123107723761
0.0031058818711140446199
5.3895830839082291427e-05
-0.0019498386038249264363
0.045344910910381959479
-0.049485830615019911483
-0.0091677291684327151533
-0.013778566294811426043
-0.23978820592883470786
0.029561694730042744478
0.029546590779652846803
0.068705573843255013378
0.0011680994281305161989
-0.0027781405378803159315
-0.0030839180597038015272
0.012328621912021931611
0.0022343583435768276692
-0.0072088069954732020284
-0.024984477444959591469
0.0429591094111370711
0.0096778127706225250404
-0.0037635416029594258996
0.055067374547054896705
-0.056895517987268967586
-0.12765915462364668675
0.097961045026298002036
0.080718786754984533927
0.010624655629366430709
-0.21105405043422972855
0.15491709684915297429
0.017947220459126268094
0.020456307679813573452
0.22754380372006455246
-0.27340947445740154675
-0.23204275187875547659
0.083805504959690732547
-0.02943074496990896044
-0.019405980022340164198
-0.034950846837598130434
0.00030904364852067618208
0.0018698199264665336938
0.00091413651785569817378
0.0015181349858566580042
0.00056246829923895088829
-0.0013704658046849969855
-0.026022809480706995955
0.044243864581650207968
0.035487901746753189314
0.081077481968820031
0.15582353370592449959
-0.09207995862636593476
-0.00012866024508428661037
0.0017160566493809549168
0.00032600971075208754445
-0.0052150283712140152806
0.017863654638332001484
-0.0089838332308277823318
0.00014592414204825653349
0.0001526425822092778654
-4.0530348731379040018e-05
-0.053515819584853061008
0.0040879830791846682655
-0.022943825092544146982
0.019801744498552785456
-0.007405605277857709931
-0.022556540487998825301
0.014226430263583295793
-0.017650134151126727067
-0.0044775243345447348839
0.039373788355516824156
0.012174500598672801863
0.015622639683011724232
-0.023697511467678650243
0.0085101649713924948371
0.021267187780538210351
0.016005333692498679987
-0.0023256223963811326234
0.0049658151954102697223
-0.039365873361694357635
0.033404697323253934593
0.017357149390719858045
0.0014739765636180436181
-0.0003296420324386853634
0.0024410358010392521101
0.013961119006894510269
-0.0058591387716040331177
0.0063334130092014898072
-0.023192021749524349
0.031493435994168747505
0.0037068417602403170956
-0.028406900458827301359
0.027904345946665264078
0.053057248181704291801
-0.0070354813323268350009
0.064046095086910032057
-0.0083448960872208269995
0.00091971901932044958575
0.0050932420822389582599
0.0053635826761279916872
0.018162993985575592165
-0.034423455017215554008
-0.031738368626354394875
-0.0084382119260032317082
-0.0059995949706048417455
0.0036448221035513522076
0.018923472414710557771
0.023438701984461657313
-0.039339726328023641444
-0.10754513703194401586
1.0110919061414007647
0.2820336735702444475
0.04016674821032944348
-0.036333096122942665218
0.039147055552165001269
-0.057926773340469930873
-0.022298292020516106982
-0.051848177609589422843
0.00011739955069296755072
-1.372863879846558232e-05
9.832623334794209091e-05
0.066370980123943920659
-0.011145247201874122073
-0.015500153056706510168
0.016007305913415099952
0.035494715070424599779
-0.018698573369655156762
0.028718595203754103407
-0.047160333771725168606
-0.0096228618881714547001
-0.0010586504372262033318
0.013645430409913629141
0.0012970261787237260913
-0.00055929297311997964136
0.00059276910459785938853
-0.0020065826479999777053
0.0010765707230778243965
0.062986121892460361638
-0.016302639062180514923
-0.090231627155236138194
0.02486603714442345292
-0.096489150316986335709
-0.0056444694543048732835
-0.005945202017562702286
-0.011579886545345634274
0.00022672362707000677778
0.00011707578227559769265
0.0010546878674427752776
-0.0021746534643151318317
0.0072378133858017551852
-0.0026397153639075143089
-0.21053722254149961901
-0.12825340262004236713
0.23140953723629045791
0.069588143678303807094
-0.02613883226392144099
0.028575849641197158257
