11.338445000000000107
11.34439700000000073
11.443037999999999599
11.520073000000000008
11.557266999999999513
11.630874000000000379
11.68566900000000075
11.769050999999999263
11.873167000000000471
11.935755000000000337
11.98190199999999983
12.058697999999999695
12.139101999999999393
12.22373100000000079
12.318564999999999543
12.416268999999999778
12.499252999999999503
12.613061000000000078
12.711028999999999911
12.732084000000000401
12.733701999999999188
12.726157999999999859
12.722243000000000634
12.694231999999999516
12.643836000000000297
12.620091000000000392
12.630148999999999404
12.610098000000000695
12.612892999999999688
12.624605000000000743
12.605408000000000612
12.626219000000000747
12.606289999999999552
12.609432999999999225
12.596052000000000248
